125
500 252
456 233
443 205
14 83
22 67
25 52
8 37
18 35
40 24
56 32
49 22
73 57
46 89
29 47
73 91
93 91
89 58
122 88
154 102
186 101
159 70
165 70
138 53
122 47
115 36
78 32
72 19
91 29
102 34
115 27
128 25
138 29
137 20
150 18
158 14
184 16
190 33
165 32
164 40
156 42
171 45
209 61
208 42
222 45
222 58
241 131
264 127
277 167
288 127
325 126
372 130
373 59
349 34
321 44
292 53
266 72
250 47
397 136
454 140
490 156
538 143
587 139
418 55
429 55
477 54
468 39
490 37
495 16
471 10
521 10
528 1
499 16
548 60
498 48
483 6
580 97
619 127
644 130
673 130
659 114
637 87
625 52
642 37
648 38
653 41
354 35
692 116
684 110
685 98
699 88
731 103
712 84
727 77
742 80
752 92
743 66
739 61
709 60
686 48
681 41
681 34
708 44
725 12
708 4
746 38
740 40
736 47
751 47
761 32
69 450
300 343
515 333
162 60
298 28
320 24
310 28
743 105
620 35
628 33
584 56
655 56
718 57
722 44
738 1
763 1
