211
699 542
667 319
641 219
702 160
731 155
747 110
699 89
722 87
178 212
213 239
240 248
254 265
268 220
276 280
296 286
324 297
340 254
344 317
411 340
418 265
391 229
498 258
460 220
486 193
472 166
449 166
517 417
564 194
587 192
613 162
644 159
614 127
500 156
488 150
530 144
554 146
613 70
584 81
65 189
64 198
73 202
83 215
96 222
108 232
216 151
187 150
214 139
262 133
273 124
293 122
345 124
313 81
298 88
281 91
273 95
110 150
126 142
134 131
114 136
102 136
96 131
105 127
122 120
125 111
138 107
147 103
155 119
191 119
200 108
186 105
169 89
163 65
132 79
116 83
41 131
59 125
70 130
67 108
38 114
35 87
236 81
249 91
92 99
74 96
97 70
87 80
84 73
81 77
78 76
75 81
71 73
69 66
88 66
47 78
43 77
50 73
54 74
54 67
57 59
33 79
27 79
23 78
34 74
26 70
24 74
45 68
42 62
39 63
59 75
61 64
55 65
45 63
46 58
29 62
25 57
35 54
30 57
32 65
251 118
243 111
240 98
222 100
218 88
204 85
192 68
193 60
197 59
182 56
173 56
196 32
204 32
209 31
212 31
213 58
227 56
228 66
222 68
242 76
248 74
272 79
303 62
297 49
299 42
306 45
368 89
374 89
373 79
356 76
348 76
352 71
376 66
382 67
387 72
393 73
417 78
420 81
431 79
432 86
449 83
447 75
465 72
462 77
456 51
459 46
455 42
473 41
481 35
483 45
487 36
486 26
487 17
494 26
500 28
504 22
508 18
506 14
510 20
514 18
523 13
529 17
531 14
568 89
581 68
656 51
665 56
631 45
624 48
625 25
622 25
621 31
627 22
647 26
642 35
652 35
652 39
657 29
685 50
686 40
681 43
377 51
373 54
384 50
387 46
387 46
456 37
482 21
134 55
44 87
53 84
59 86
32 51
