175
67 302
61 162
35 159
6 155
22 127
49 65
47 73
156 313
248 329
312 356
436 337
508 255
370 232
329 234
351 203
312 203
287 205
265 181
243 175
191 184
185 166
172 161
149 149
9 53
19 36
34 36
39 38
5 39
54 120
77 116
83 129
104 101
127 105
149 102
175 102
167 129
174 147
185 135
190 137
195 108
195 96
203 90
224 87
218 109
232 141
246 119
243 94
247 88
265 83
267 108
267 93
288 108
298 86
276 80
280 80
289 78
291 74
297 75
302 73
308 69
318 72
326 67
349 85
381 93
333 66
339 65
344 62
347 61
352 58
365 61
387 90
420 112
416 69
437 67
422 57
410 58
410 51
419 52
403 49
396 56
333 56
336 57
329 56
323 42
330 38
324 27
319 23
325 23
328 23
335 23
343 24
339 24
355 28
357 29
342 45
351 50
349 45
358 50
347 45
366 48
367 43
373 48
380 50
384 47
385 52
384 39
386 39
390 43
392 39
378 33
383 33
377 38
374 27
369 26
366 26
362 26
357 22
363 23
366 23
368 23
371 23
399 39
401 41
401 33
410 35
421 36
421 45
427 41
432 40
428 29
438 38
445 39
450 42
447 44
455 44
459 46
454 41
452 37
457 37
439 30
461 35
464 32
452 71
478 36
480 36
478 41
475 37
473 36
471 35
469 35
468 34
468 33
465 35
474 32
476 32
482 35
486 37
489 34
491 35
487 31
484 32
481 29
485 27
441 28
416 42
415 31
638 70
645 70
634 76
679 155
698 163
707 192
765 210
344 56
339 49
