88
169 445
276 540
311 420
413 369
450 313
514 273
539 239
598 189
617 173
630 166
645 153
656 147
17 220
54 192
157 238
180 253
141 296
313 150
137 133
184 105
169 100
90 94
44 67
24 68
4 72
83 24
108 58
208 102
195 74
187 55
167 54
122 3
348 149
404 155
243 105
256 83
242 67
255 67
263 46
270 38
280 51
278 90
439 57
466 63
482 46
457 25
439 27
371 40
346 43
328 44
340 32
367 3
431 5
457 5
501 48
521 58
531 56
545 70
506 70
520 35
510 40
532 40
545 9
531 14
510 10
596 70
620 47
624 27
592 9
582 6
657 48
704 66
711 47
667 19
645 27
684 19
719 24
735 32
749 27
742 5
762 4
30 61
344 6
349 4
375 31
563 2
656 74
46 2
