136
5 345
2 182
1 145
36 291
45 228
22 220
17 126
2 99
17 67
32 72
40 91
31 93
24 86
69 80
50 59
69 56
87 88
93 63
104 68
120 57
73 105
57 133
90 111
101 169
126 312
83 301
163 292
200 214
170 145
152 142
157 100
128 91
140 75
162 51
173 52
147 14
142 43
133 44
189 39
176 9
226 14
219 30
203 43
196 57
183 73
170 77
187 115
213 123
196 74
214 66
225 55
244 71
241 91
251 137
235 199
240 235
260 204
286 183
286 132
273 94
272 60
283 51
261 35
251 38
231 37
244 52
260 20
271 28
198 320
205 355
345 302
414 305
472 323
485 167
350 174
417 153
456 138
446 119
481 111
404 105
375 124
368 78
398 89
354 71
349 56
313 68
304 93
286 94
285 80
303 47
321 45
365 46
377 48
378 30
363 28
311 15
292 5
281 2
268 3
326 3
318 12
413 66
392 62
411 43
398 9
376 14
363 13
346 9
384 5
415 12
423 7
436 7
438 18
432 39
432 53
444 48
449 23
457 17
451 5
467 10
474 14
473 29
489 43
467 53
485 68
504 58
502 23
508 26
508 15
493 19
489 3
507 3
422 131
263 312
254 87
108 105
