119
433 375
467 299
348 314
313 370
283 319
318 314
187 320
137 325
223 280
258 280
329 266
397 258
403 219
302 235
274 249
213 263
214 251
161 251
27 266
14 274
2 281
12 262
1 258
36 265
67 225
107 238
48 200
105 171
41 174
3 149
1 142
4 135
1 136
9 133
11 135
14 132
12 142
9 139
20 142
26 144
32 140
36 133
150 213
164 207
175 204
195 200
204 203
103 151
106 157
131 151
127 149
139 140
126 130
123 132
114 147
108 136
104 132
145 132
148 132
152 132
157 132
169 132
150 139
161 138
167 141
177 144
185 137
192 132
195 134
191 140
214 131
205 136
204 143
202 152
211 158
223 158
236 162
220 148
218 140
243 147
277 190
283 137
293 149
298 147
304 204
338 218
342 189
327 145
316 150
341 149
331 169
322 175
360 155
364 156
371 160
378 160
374 152
380 152
394 148
396 153
395 172
410 175
403 170
417 175
439 162
451 161
457 170
462 174
461 181
476 179
482 184
475 166
492 170
490 166
506 163
506 147
507 179
509 187
370 382
