151
366 293
301 333
164 393
66 398
63 242
159 207
193 193
231 173
316 203
336 178
372 168
457 305
513 191
570 160
610 222
604 273
689 178
695 148
706 172
747 196
750 232
737 99
752 84
746 44
729 41
712 47
717 9
741 18
746 12
648 88
663 76
678 66
672 31
682 35
660 7
632 1
624 39
641 41
615 33
580 27
556 37
544 34
519 27
507 37
488 22
500 25
549 53
577 56
581 47
361 91
384 65
400 78
6 156
9 107
33 114
13 65
45 50
47 37
41 24
53 20
41 6
54 6
67 33
87 27
93 17
74 14
76 27
117 27
131 17
147 17
135 3
168 37
134 50
118 75
87 79
53 81
66 99
127 91
146 113
173 113
186 94
210 86
232 90
245 113
215 111
287 123
296 113
317 92
264 52
272 30
176 28
179 17
186 16
215 18
193 14
199 12
251 34
219 38
222 55
209 67
240 52
257 11
277 15
273 9
299 10
306 12
324 4
327 18
332 25
341 17
316 1
172 5
176 3
203 3
222 1
239 3
231 6
234 4
245 1
253 2
210 52
86 1
422 24
441 32
458 33
449 14
513 26
440 14
432 15
414 10
385 23
378 3
393 4
386 1
533 19
517 1
505 1
527 18
594 22
603 25
628 32
620 34
555 29
531 32
563 59
566 83
627 69
637 85
145 5
143 12
146 12
