104
78 383
127 369
169 315
179 279
127 267
107 327
90 247
13 360
225 367
292 245
385 184
556 380
753 297
729 297
753 152
746 110
761 45
762 16
719 16
691 27
620 31
621 123
619 155
560 129
567 63
557 13
522 64
524 11
492 40
491 15
436 44
439 90
453 79
490 147
340 110
344 90
323 77
364 44
335 49
346 40
384 48
398 67
421 31
399 16
357 13
340 8
321 19
303 43
304 23
274 8
260 27
239 11
170 4
169 61
221 60
232 137
213 194
149 157
149 204
82 186
5 151
13 196
10 131
30 85
18 76
40 87
87 71
111 91
136 117
182 103
131 44
142 63
284 36
156 10
181 29
183 44
138 52
77 73
322 3
376 56
269 39
270 29
247 26
595 519
78 123
157 96
205 67
195 48
169 25
187 12
193 1
225 33
238 77
579 171
521 39
587 35
449 10
472 17
502 22
718 228
317 183
363 377
218 147
295 14
