114
295 349
168 234
112 224
230 246
295 253
287 218
279 190
331 155
358 135
228 153
423 152
444 155
434 196
160 158
146 136
87 137
62 197
116 190
243 119
174 109
133 86
112 107
23 115
439 110
416 117
367 93
331 81
295 95
298 65
248 67
369 68
401 78
412 69
463 43
415 35
371 38
359 36
334 41
285 39
271 48
317 60
333 61
268 28
298 24
253 25
239 21
227 21
219 16
199 17
163 35
190 33
184 17
176 19
158 17
158 29
144 27
141 16
128 38
120 43
118 67
82 39
93 22
108 21
49 42
33 46
16 37
53 32
12 17
33 25
44 19
76 24
68 17
60 16
3 13
21 8
149 13
167 13
213 6
508 304
502 185
396 27
429 19
470 18
462 31
437 8
412 7
474 1
328 11
298 14
305 5
295 4
319 6
279 12
242 4
257 4
249 19
195 11
140 7
150 4
160 6
65 5
71 2
92 7
85 4
28 10
44 11
49 5
31 6
38 16
5 3
119 7
112 2
102 2
128 3
