97
10 437
173 356
200 326
259 273
162 198
131 194
134 169
57 126
2 163
69 107
40 58
28 57
35 44
27 25
5 62
66 5
102 6
129 70
186 77
163 9
136 2
126 5
188 11
216 11
209 2
232 94
276 96
293 114
290 81
300 48
319 44
331 25
351 58
349 85
340 94
397 70
410 68
413 182
343 179
304 195
287 222
486 286
478 242
501 380
697 398
719 363
717 153
762 202
723 126
718 104
661 92
666 65
624 67
609 77
569 95
563 140
536 90
518 98
565 75
573 64
584 61
487 62
462 65
447 62
482 39
457 57
466 46
500 31
512 37
555 25
626 11
609 5
717 71
698 31
694 26
714 5
753 37
745 3
738 89
560 46
1 9
208 8
195 8
642 9
714 221
528 74
597 26
589 9
586 27
579 18
679 85
25 131
294 24
339 75
658 1
670 1
707 12
