125
15 136
55 152
38 192
46 170
67 198
144 237
114 154
141 99
148 83
235 98
228 77
275 99
323 126
220 229
219 280
262 364
325 379
332 274
321 249
363 212
360 246
405 186
429 215
445 219
479 188
412 274
7 11
22 10
36 12
47 12
59 19
39 33
58 43
30 88
13 34
87 55
84 43
105 54
114 40
116 30
108 20
102 17
72 15
60 10
86 4
102 7
108 8
112 8
125 27
143 33
141 12
150 10
156 23
150 47
134 54
160 71
170 63
176 53
171 29
164 33
159 11
184 18
186 29
179 30
187 45
167 5
252 68
222 48
230 35
233 23
242 27
260 30
282 23
278 39
278 51
275 64
285 51
299 46
334 64
317 41
318 29
352 42
367 44
366 50
373 39
377 26
413 29
382 180
243 10
257 6
244 4
269 9
344 11
324 9
367 9
379 3
469 102
482 94
501 81
495 57
467 47
451 47
446 26
452 17
464 23
470 24
481 30
488 31
493 40
410 7
427 5
433 8
457 5
446 2
496 5
501 6
510 15
7 5
30 1
300 1
235 4
121 1
74 1
39 1
94 7
