66
511 343
491 311
448 325
160 340
168 288
120 285
36 312
36 288
16 261
8 245
3 277
29 248
55 254
33 225
57 190
66 227
81 233
89 248
112 238
138 235
144 223
152 222
178 235
194 232
149 257
136 185
62 171
80 180
279 183
311 153
320 178
333 174
350 184
335 186
335 192
322 192
311 188
287 192
287 203
298 210
319 205
318 233
263 226
241 242
224 226
283 226
358 229
374 233
387 214
394 192
408 190
415 230
441 244
468 225
464 205
448 201
471 195
507 187
305 283
246 275
229 264
257 258
296 332
97 274
235 233
21 293
