378
629 521
714 431
641 356
607 363
349 454
108 376
6 389
175 282
193 273
407 278
483 280
501 199
553 209
704 281
721 223
732 200
717 168
630 118
263 160
198 170
198 155
189 150
182 124
143 127
108 160
135 209
192 219
86 192
52 153
22 149
18 128
59 137
567 114
563 86
520 75
757 120
767 76
758 89
751 72
750 58
743 51
732 51
720 55
716 47
707 44
694 41
690 32
681 25
672 48
660 43
713 84
727 122
712 121
690 97
661 73
635 73
615 94
622 77
627 43
622 43
585 58
574 56
569 53
547 60
536 51
561 42
570 29
596 34
660 33
650 32
669 26
476 99
435 103
430 61
475 48
463 43
455 48
441 47
428 48
412 60
669 11
674 1
665 4
654 5
663 22
657 14
646 9
647 19
640 22
637 9
637 1
627 1
622 9
619 2
612 3
611 6
615 12
613 17
611 26
628 17
627 9
598 2
603 1
579 17
577 12
564 19
565 11
565 4
566 31
595 22
593 2
530 4
549 1
537 22
549 34
544 35
526 34
514 29
514 22
517 10
500 3
502 1
509 12
510 6
512 1
481 3
484 10
485 25
487 20
481 19
469 2
474 8
475 2
457 12
461 16
443 9
461 26
447 29
428 26
421 27
409 39
389 39
404 36
382 64
379 69
378 31
378 18
390 11
399 18
396 12
406 12
413 13
421 8
429 11
434 10
434 3
429 4
425 1
423 3
408 4
399 6
397 1
392 4
387 6
381 7
374 8
332 73
362 65
371 51
363 29
345 36
335 50
314 55
306 51
291 59
283 66
263 55
271 50
260 39
276 32
277 19
270 5
352 3
355 3
370 1
370 12
369 19
357 14
353 17
351 18
348 15
344 10
339 9
344 18
334 21
312 14
328 23
332 35
326 34
325 41
307 28
316 21
304 31
301 25
290 24
289 30
304 44
291 48
296 48
300 38
277 42
282 40
278 50
284 1
248 16
246 15
231 21
230 17
221 25
219 22
215 23
211 26
214 19
218 18
207 27
144 40
148 36
144 31
142 31
156 36
159 28
161 24
170 30
174 32
176 30
174 28
178 27
176 28
181 25
180 27
188 25
191 25
201 23
207 21
209 19
211 20
224 19
220 18
224 17
123 70
119 69
117 65
104 71
93 73
92 74
183 48
197 42
208 35
216 40
224 36
228 38
237 34
254 37
246 52
257 53
210 63
195 68
184 71
194 86
205 92
177 75
172 79
179 85
163 78
157 83
153 87
147 90
135 86
127 90
119 94
86 92
79 116
59 122
74 140
152 111
164 98
165 107
90 48
86 50
81 52
76 53
99 52
97 47
98 43
102 50
104 50
103 46
105 46
108 44
121 42
123 40
126 41
127 40
121 50
126 48
130 46
145 44
148 41
177 36
151 41
67 55
43 133
69 151
20 87
26 138
148 64
179 45
108 103
233 119
245 119
256 137
247 152
93 59
79 60
81 60
83 58
75 62
70 62
87 59
84 52
8 72
12 70
18 61
20 62
25 61
50 53
53 54
60 50
64 52
66 58
14 55
5 75
1 63
5 64
8 62
11 62
2 73
19 68
135 67
358 274
187 48
186 41
161 38
157 38
159 38
165 36
167 36
167 30
150 38
135 45
109 51
118 48
117 43
115 51
91 53
205 24
284 6
253 49
249 49
220 96
210 80
169 121
362 9
451 1
461 2
454 5
443 5
512 63
