89
2 129
34 135
46 280
75 359
128 272
175 301
201 226
165 280
71 74
111 92
52 27
128 56
133 42
155 42
150 61
151 36
185 73
185 54
182 16
173 21
168 37
204 72
248 86
276 108
276 97
222 57
189 27
191 22
201 27
206 36
216 30
225 27
227 20
221 7
241 1
241 12
238 19
255 36
242 55
265 52
279 45
279 66
296 43
308 46
318 55
338 43
327 43
340 58
354 65
372 42
379 45
252 8
251 1
245 3
260 16
265 24
260 35
272 35
285 29
273 22
265 10
280 17
291 17
290 12
278 13
271 5
274 3
256 2
296 6
310 12
309 4
315 6
318 18
324 4
331 9
333 2
345 5
340 1
350 11
353 4
364 7
375 31
386 25
387 33
360 4
376 8
376 33
267 5
391 21
