92
6 267
51 263
123 252
60 183
106 163
186 152
166 152
151 104
125 123
117 97
97 105
81 103
73 63
65 70
129 39
149 46
263 57
254 64
295 65
291 50
408 67
285 141
301 110
286 104
254 117
363 210
463 169
492 99
511 71
505 71
453 146
424 141
425 59
439 43
472 46
475 27
490 26
485 8
500 35
456 26
449 11
441 20
426 17
393 27
395 12
373 5
362 29
288 1
483 18
402 119
302 146
440 9
74 95
95 119
22 84
132 71
164 109
176 116
190 107
229 82
211 47
228 41
365 61
361 68
394 58
384 38
419 40
373 34
384 21
330 56
327 69
279 92
249 1
240 18
232 69
295 29
303 29
322 18
324 11
309 3
340 1
249 28
268 13
427 107
501 129
362 188
324 122
490 39
499 7
419 246
444 1
416 28
