199
35 153
19 141
51 138
87 153
120 229
98 315
157 294
162 158
200 143
264 177
246 169
295 243
372 223
412 206
311 162
323 148
399 181
374 99
383 98
389 83
403 84
415 74
405 73
417 59
410 134
398 107
426 169
465 147
472 114
470 99
501 81
511 121
491 152
502 171
486 280
449 267
6 38
1 51
1 75
5 66
1 58
8 53
13 41
5 19
11 24
17 27
22 35
15 30
29 25
28 41
22 47
17 48
17 55
16 59
25 66
20 81
26 65
21 65
24 93
36 74
38 60
42 53
42 40
35 39
34 45
45 41
48 47
50 58
54 81
63 78
69 89
79 90
76 74
71 62
63 63
68 52
67 46
61 47
63 35
64 30
71 31
71 22
75 38
69 38
79 46
79 39
84 41
87 53
84 62
99 53
96 46
101 40
106 36
103 33
89 36
89 30
88 77
102 70
112 70
110 61
114 50
113 43
113 35
115 20
119 81
129 70
137 71
142 64
147 53
136 51
126 40
124 27
140 24
140 28
145 23
152 23
135 34
139 38
149 39
143 43
159 41
157 32
162 29
163 23
168 24
169 18
171 34
178 28
183 27
181 42
178 39
166 47
174 43
164 59
160 69
172 57
186 48
189 43
196 25
195 16
199 17
212 46
206 56
200 45
190 84
220 82
221 38
217 22
221 19
227 20
225 48
240 76
241 59
250 47
242 48
277 67
296 83
300 70
290 98
299 113
307 111
261 102
318 78
337 76
381 57
387 30
351 15
359 14
41 122
21 122
1 131
3 93
19 108
33 102
60 110
93 103
106 88
2 82
5 103
428 125
178 357
102 211
62 216
92 211
32 167
387 219
273 181
247 74
268 55
254 55
367 68
191 60
416 25
133 43
85 50
57 38
98 35
116 32
78 34
