191
129 411
83 210
121 215
154 196
176 205
56 134
1 138
79 98
340 260
730 256
716 195
664 232
612 212
699 176
676 172
597 159
588 141
580 120
566 115
534 107
531 85
500 87
471 116
474 146
474 146
520 202
478 232
364 107
384 104
381 81
369 85
418 67
455 77
450 67
481 74
477 61
459 64
459 52
444 48
434 52
424 36
420 54
529 181
239 101
271 73
281 73
290 92
309 94
297 73
290 38
293 50
300 42
295 35
318 58
310 28
325 21
365 60
349 55
323 42
328 26
334 23
351 29
364 39
367 32
382 38
396 36
417 54
407 34
411 27
401 30
399 25
388 21
380 23
377 16
385 12
381 12
368 21
362 17
365 14
369 8
365 5
347 5
328 15
320 7
314 6
283 18
267 15
259 13
257 6
263 3
247 11
246 18
237 23
234 30
231 11
233 1
291 8
295 10
308 3
325 2
335 9
342 14
339 3
212 93
227 77
205 62
197 56
192 43
216 34
224 29
184 102
187 84
162 63
124 65
112 74
101 55
63 58
126 43
140 50
162 38
154 34
177 31
184 27
184 27
186 16
180 19
184 5
188 6
200 3
207 13
219 2
164 17
29 48
43 39
70 42
71 36
63 37
91 27
101 27
105 24
108 22
111 27
116 20
120 16
128 12
133 8
131 15
136 17
131 29
125 28
125 28
153 10
148 11
161 11
141 8
138 3
135 5
87 3
79 2
71 5
71 2
81 8
94 1
91 1
97 3
103 1
143 3
52 44
74 2
6 68
225 113
223 4
244 11
251 1
224 22
193 53
136 12
149 32
152 21
101 43
131 10
136 8
123 16
111 23
97 30
148 1
54 10
59 9
95 3
105 1
107 1
