71
10 172
21 177
299 245
270 243
234 242
223 236
205 232
186 245
156 241
131 243
111 224
93 230
100 208
80 201
73 198
69 225
128 215
136 219
156 211
152 201
165 204
170 210
175 200
195 207
194 214
204 217
218 214
218 206
216 197
205 194
237 188
251 192
243 203
231 202
233 210
251 219
255 213
265 227
273 213
280 209
277 196
288 200
303 200
284 227
67 151
77 198
61 198
38 243
29 241
22 223
22 217
319 226
318 251
347 227
388 244
352 282
377 281
415 232
434 223
450 144
454 365
264 375
245 370
185 350
151 357
112 336
53 342
57 331
491 371
187 201
439 143
