69
143 376
226 375
295 339
310 319
53 377
48 356
9 371
10 327
3 297
19 240
55 230
57 262
47 262
83 262
74 297
108 270
105 258
135 280
155 276
151 266
246 275
269 278
260 251
280 217
297 236
306 226
313 207
2 281
96 274
114 272
217 244
402 112
380 150
383 155
373 166
356 150
409 150
352 217
333 220
323 239
385 230
394 234
394 254
411 265
414 272
412 284
384 300
409 310
491 337
492 353
427 232
414 230
423 223
390 251
463 237
457 232
437 237
442 225
460 217
465 220
471 218
485 213
472 211
481 197
499 209
506 239
498 237
485 231
240 379
