267
34 432
96 272
73 209
109 206
188 279
292 304
363 317
417 226
543 285
623 116
473 125
499 109
434 116
455 102
456 83
432 97
437 77
417 62
401 64
384 75
366 111
352 81
327 90
289 85
218 88
186 113
149 120
158 90
172 83
147 78
148 57
136 60
748 86
763 120
659 98
661 82
661 64
664 57
701 84
755 17
748 21
696 16
683 21
673 22
609 19
559 22
551 32
551 49
582 71
600 74
612 57
529 47
480 53
460 47
410 24
422 18
359 57
391 51
540 21
518 25
515 1
635 13
635 3
619 10
600 5
744 7
307 19
289 5
283 5
246 1
229 3
215 5
192 1
179 34
137 10
111 19
99 29
6 73
32 76
42 12
67 14
617 237
344 38
401 14
381 3
374 5
50 88
708 44
564 6
557 11
73 24
475 13
456 4
467 4
30 18
13 14
8 13
9 7
16 10
42 5
9 2
12 67
53 8
56 4
4 3
81 2
83 9
88 10
91 17
113 31
85 4
90 2
93 12
104 4
107 1
111 5
119 3
122 7
34 1
128 6
127 2
133 2
144 3
149 3
155 2
158 2
162 8
173 1
171 8
181 6
185 4
182 1
210 2
211 7
225 2
251 2
255 1
288 2
299 7
301 2
349 16
402 52
413 11
405 5
414 2
419 7
439 4
453 2
475 4
524 4
527 2
531 6
534 13
530 10
538 4
543 6
549 5
542 2
558 4
573 4
615 6
623 7
625 2
642 4
647 4
661 2
671 2
700 8
705 10
708 12
47 24
35 25
488 6
56 49
27 25
8 19
19 15
40 9
59 25
61 18
54 18
84 15
65 2
75 4
99 5
34 7
49 8
24 9
146 14
150 12
118 17
130 21
104 14
91 9
236 90
173 15
191 12
202 7
196 32
201 36
298 281
276 74
300 59
373 51
372 15
364 7
359 5
363 1
370 1
348 2
356 2
390 7
401 8
405 27
390 30
395 66
340 1
418 48
443 49
448 39
448 2
423 1
419 1
463 21
501 19
509 11
586 12
591 12
621 19
634 22
651 9
662 10
651 23
663 22
701 15
706 22
738 20
738 37
750 35
523 59
476 49
401 97
581 5
578 4
598 197
658 169
691 157
524 184
469 158
765 27
640 9
493 24
434 6
425 5
403 1
394 1
465 2
501 3
505 5
513 6
523 8
525 13
607 7
551 6
268 25
242 21
120 61
