77
111 530
221 564
399 358
490 317
554 250
515 219
403 176
404 116
396 102
285 137
261 150
239 114
139 127
27 107
137 73
150 69
157 60
177 50
188 60
191 88
251 69
265 66
314 65
236 50
251 50
256 49
265 53
55 75
31 37
17 52
18 44
376 92
407 76
495 70
557 68
681 57
527 27
545 37
588 43
624 35
430 37
440 33
392 35
382 30
355 39
340 37
345 33
317 44
326 33
292 25
319 25
259 40
322 20
303 21
330 11
353 9
399 18
410 18
414 12
405 9
201 39
206 45
231 43
244 44
247 34
254 36
1 62
441 6
432 3
44 45
246 20
375 2
403 1
490 1
331 1
481 1
620 5
