238
8 426
10 287
34 285
47 228
26 218
6 204
4 221
5 169
30 134
95 122
87 150
109 148
127 157
134 131
139 115
174 104
178 133
168 183
156 180
146 223
113 215
81 184
73 170
122 284
158 285
498 465
688 428
646 336
451 319
404 293
338 426
370 401
302 387
366 288
387 259
336 259
341 230
285 253
239 202
265 185
223 201
197 195
197 166
215 153
226 142
249 133
243 118
204 123
201 110
219 106
230 100
241 97
241 111
249 107
270 125
288 125
266 97
276 94
264 77
293 103
311 89
310 123
286 165
372 205
375 174
381 160
385 137
369 134
381 120
384 109
375 100
336 102
338 88
327 92
336 78
351 82
352 62
325 57
334 42
330 37
295 62
283 57
304 46
278 44
266 40
241 45
177 47
185 49
173 39
166 22
193 43
209 52
212 43
219 41
224 51
234 44
237 38
241 39
260 40
202 76
114 48
122 47
411 218
417 171
400 165
396 94
386 74
372 61
378 54
364 44
396 50
408 54
414 68
407 70
402 64
436 60
421 44
435 42
449 66
454 47
462 51
474 43
439 79
427 99
452 83
460 127
478 234
446 226
506 219
534 160
511 109
498 106
502 75
480 68
489 56
505 38
513 39
494 10
491 32
484 33
526 29
516 6
553 11
548 22
536 32
531 43
521 54
512 57
524 86
544 92
531 55
544 49
552 41
567 53
565 68
572 103
560 149
564 176
579 153
598 137
598 99
588 71
588 45
596 38
580 26
572 28
557 28
567 39
579 15
587 21
532 240
538 266
643 227
694 229
738 242
747 125
646 131
697 115
726 103
719 89
744 83
687 79
665 93
660 59
683 67
650 53
646 42
619 51
612 70
598 71
598 60
611 35
624 34
657 34
667 36
667 22
656 21
617 11
603 4
594 1
585 2
628 2
622 9
694 49
678 46
692 32
682 7
666 10
656 10
644 6
672 3
695 9
701 5
711 5
712 13
708 29
708 40
717 36
721 17
727 13
722 4
734 8
739 11
739 21
751 32
734 40
747 51
762 44
761 17
765 20
765 11
754 14
751 2
764 2
701 98
581 234
574 65
465 78
