123
258 364
287 315
216 328
412 278
453 250
506 236
426 186
384 168
366 183
446 130
439 83
402 63
510 59
32 289
324 267
260 147
235 222
224 208
178 195
175 170
196 130
164 235
97 195
53 198
1 226
18 148
48 150
50 132
103 130
97 105
85 84
54 61
35 114
23 75
36 63
28 59
157 112
141 96
134 86
171 86
203 72
242 63
251 49
236 44
270 49
242 91
226 73
332 66
343 55
362 38
326 20
8 11
7 5
11 4
38 5
31 4
43 28
24 42
8 49
5 38
50 9
64 5
81 3
87 3
95 5
100 9
105 26
89 22
115 32
127 27
126 18
132 2
141 9
142 1
152 27
153 17
158 3
151 1
169 4
173 2
175 10
180 19
189 24
184 33
201 48
205 20
207 5
218 3
223 21
238 10
250 5
263 2
277 2
283 14
318 1
311 20
329 4
345 6
377 6
397 9
452 24
52 36
56 28
50 99
47 81
16 63
23 2
66 5
87 30
112 22
152 7
138 15
173 26
174 15
169 18
184 1
240 5
195 85
182 114
289 126
314 126
321 179
72 124
