283
246 443
481 396
455 380
408 308
350 319
326 339
299 308
109 276
3 291
1 335
34 236
55 220
52 215
78 206
158 246
149 231
155 196
590 433
600 324
593 287
664 313
726 288
761 233
743 215
707 187
679 202
757 153
744 150
767 167
322 245
311 239
329 223
350 226
298 210
285 205
190 246
135 195
171 164
141 138
116 142
115 132
58 205
6 131
28 126
19 127
14 124
183 167
180 156
219 176
201 179
227 154
244 161
241 159
315 122
316 118
318 120
309 118
327 119
338 119
355 125
358 132
363 131
372 128
380 138
317 162
306 167
293 163
277 168
382 185
382 169
312 113
407 111
421 114
425 117
440 125
437 122
426 135
410 133
405 133
399 135
400 142
393 165
426 146
436 146
449 136
448 127
438 168
430 167
433 140
421 151
460 135
463 140
466 143
461 124
458 126
475 115
478 113
475 110
478 107
474 103
487 105
486 110
491 111
492 116
496 111
499 107
504 106
503 111
497 104
516 118
524 117
540 115
542 114
537 129
534 133
513 127
504 130
523 143
501 148
501 153
501 161
492 166
485 157
482 131
480 126
544 136
545 115
547 98
544 96
546 101
547 152
542 169
534 166
512 175
498 176
466 179
326 117
345 119
331 122
334 118
767 74
767 75
766 79
765 85
762 83
762 76
762 75
763 74
758 74
753 77
751 80
751 83
754 84
756 86
756 79
757 77
753 90
749 88
757 98
760 91
763 102
757 104
766 109
755 110
743 110
745 102
741 97
733 101
739 106
735 106
752 119
726 106
722 104
717 104
717 101
718 99
716 98
714 94
719 93
711 92
707 92
703 94
709 99
711 96
704 108
705 116
706 122
695 123
698 110
691 106
695 100
687 104
689 94
685 93
682 100
681 101
678 105
677 99
673 101
667 97
656 99
653 98
650 96
645 95
640 95
633 97
633 92
631 93
627 97
623 97
610 99
607 97
600 94
597 97
595 95
590 94
630 102
629 118
601 119
591 113
638 102
644 117
652 107
664 107
670 122
663 118
676 119
681 114
686 110
727 105
680 146
702 147
676 143
669 136
658 137
650 146
659 149
639 125
656 121
658 118
648 118
642 120
655 107
619 141
644 152
612 145
597 140
591 153
577 149
584 133
587 121
580 121
581 116
584 118
585 107
580 108
578 104
557 103
560 106
558 99
557 96
554 95
575 108
571 117
574 118
574 114
565 117
562 115
556 118
561 148
572 145
536 158
578 184
592 176
565 169
487 105
483 102
493 129
532 199
514 204
765 126
243 119
257 122
