127
484 377
496 287
391 319
332 319
292 365
276 245
301 176
363 186
443 210
489 182
507 48
453 153
454 119
493 76
461 54
436 71
421 61
478 25
455 12
370 122
391 80
367 51
385 25
361 17
375 4
340 33
330 11
320 19
305 32
294 31
291 40
267 40
272 16
354 88
326 131
304 99
126 325
127 277
219 191
231 154
217 70
197 52
186 96
144 94
130 130
105 192
81 171
39 183
42 150
28 79
51 74
74 87
97 84
20 46
72 48
109 24
134 42
142 31
150 17
166 11
22 23
59 41
214 23
225 19
202 2
185 4
438 4
418 3
409 18
413 41
241 41
229 48
95 62
61 62
15 253
179 167
296 9
250 8
180 71
143 65
77 148
102 147
58 19
85 8
117 6
100 1
148 2
240 29
251 23
151 53
180 39
166 27
189 26
185 13
12 30
2 17
13 17
495 25
486 3
501 1
484 125
215 13
393 128
438 41
96 21
83 28
46 31
205 20
34 48
9 44
2 121
13 86
48 44
93 43
105 62
156 63
166 41
462 104
398 19
400 5
392 5
242 66
135 116
176 117
244 83
251 110
287 205
