174
238 366
57 291
3 231
36 210
87 273
337 319
273 292
254 273
190 236
156 217
96 175
438 367
463 340
473 281
497 285
375 184
452 195
505 221
266 208
313 272
302 276
322 253
5 142
2 124
13 103
23 99
13 83
41 133
54 133
49 147
77 140
79 74
69 72
73 72
76 62
85 67
88 74
87 50
71 53
73 54
84 52
91 53
92 47
117 99
111 73
95 63
119 60
128 72
144 123
97 162
151 118
147 99
154 109
166 96
157 71
148 46
138 52
121 49
142 61
155 45
159 63
165 46
172 41
173 67
181 68
195 71
196 104
190 121
206 105
216 109
216 122
207 71
224 117
126 47
133 53
136 47
160 46
116 47
105 51
210 46
207 47
215 47
234 48
227 76
228 107
233 109
238 118
248 118
252 96
256 88
254 76
22 132
284 141
295 176
305 169
316 183
322 168
333 177
304 135
302 124
260 101
263 91
265 84
369 141
278 99
282 88
277 66
296 63
297 58
309 61
315 62
304 81
311 86
317 109
318 133
326 130
347 123
330 89
323 67
334 65
335 68
354 65
374 75
372 64
378 63
390 96
396 84
396 73
390 67
393 68
396 68
396 53
403 54
409 63
410 55
407 52
405 46
408 46
410 48
340 90
349 92
355 94
377 128
387 128
398 144
404 137
407 132
413 113
410 70
437 78
446 68
427 109
423 139
428 143
456 129
461 147
442 184
482 160
479 139
483 121
474 106
494 121
493 145
452 191
455 180
401 46
416 49
418 53
423 52
451 68
117 49
110 46
413 50
417 57
