83
341 180
342 166
226 178
229 158
258 203
258 216
323 299
163 310
66 335
19 318
4 253
11 143
10 81
17 73
75 57
92 58
92 24
99 20
114 5
80 3
138 135
130 107
254 66
277 62
291 62
313 121
424 88
409 84
543 62
567 88
592 89
745 341
763 486
738 98
759 58
728 75
733 84
699 75
642 54
652 41
652 33
649 16
624 14
631 37
612 24
610 6
580 43
517 28
484 37
491 27
418 30
415 11
370 25
362 35
349 20
363 6
294 37
286 20
265 5
257 17
238 22
230 2
219 24
194 28
191 53
385 7
704 24
715 21
739 9
759 7
736 54
134 151
295 15
332 9
411 5
280 5
246 17
668 2
705 2
748 2
577 98
316 8
317 1
