74
80 367
85 333
119 299
346 343
376 318
308 310
300 286
346 257
347 225
351 208
510 144
198 183
249 169
256 100
277 94
274 78
303 95
334 79
348 74
343 113
377 113
410 152
417 130
440 117
431 89
412 108
400 88
406 73
389 76
400 36
392 29
481 122
463 79
474 68
445 52
414 25
426 20
415 12
398 12
202 116
235 79
215 37
192 45
184 88
24 3
108 4
88 3
80 7
92 11
172 2
160 9
198 26
196 16
187 35
163 44
205 60
229 62
221 59
454 10
462 5
477 19
489 16
492 31
496 45
473 44
506 14
496 12
493 1
503 3
511 59
493 71
97 3
406 21
372 34
