291
129 315
231 400
291 391
315 546
404 568
613 404
717 441
633 289
664 249
699 134
668 115
651 134
634 155
575 252
355 190
318 181
336 165
535 117
549 110
745 71
730 52
703 77
696 64
707 22
704 14
678 11
701 1
717 1
738 28
721 20
753 5
647 35
652 40
636 51
629 11
649 7
638 7
666 1
663 11
656 1
570 5
513 49
533 52
541 49
552 53
519 63
482 69
488 44
482 32
481 17
460 19
439 9
444 11
220 176
208 277
89 230
13 259
30 84
80 91
87 125
119 103
310 99
331 91
448 44
430 40
429 16
430 4
421 1
413 1
408 4
391 4
323 23
361 45
305 75
287 61
299 15
156 60
134 71
10 29
46 27
61 35
58 19
135 23
155 11
170 13
180 11
211 13
217 11
262 7
284 11
296 1
314 1
320 4
329 4
218 19
196 29
447 190
57 29
109 37
124 20
139 20
146 20
165 14
189 29
189 20
184 16
175 21
193 15
213 21
224 18
230 18
58 141
64 115
246 20
246 5
252 7
256 5
263 2
253 2
274 11
274 1
269 1
282 4
263 14
256 20
283 18
293 44
267 46
307 51
322 11
372 10
364 8
374 4
382 1
369 83
367 151
344 1
442 3
445 1
464 13
458 12
481 8
499 22
491 13
580 7
625 34
638 38
624 12
598 41
392 11
399 3
683 6
691 10
668 13
680 17
710 16
715 29
469 9
466 4
475 2
496 29
576 28
678 38
699 45
716 65
738 76
756 72
741 55
61 76
48 79
200 10
300 9
325 1
371 1
361 2
26 39
43 41
31 22
72 23
85 27
81 24
99 34
99 27
107 22
125 24
53 97
6 134
196 105
247 106
234 53
249 65
257 374
228 31
235 21
246 30
252 27
259 23
256 14
257 9
248 14
245 10
252 12
231 8
236 8
237 4
237 13
222 20
206 21
205 16
198 21
198 16
175 28
171 58
164 69
151 34
164 26
172 18
139 28
156 23
169 20
175 15
186 10
192 8
189 10
156 17
186 29
104 135
142 127
356 233
348 25
361 20
368 25
383 35
331 25
275 28
281 28
291 22
312 14
316 10
329 11
334 8
337 4
356 4
301 5
306 5
270 14
277 18
289 5
241 23
512 24
498 9
499 3
518 6
526 7
513 1
521 1
495 1
534 12
541 5
551 7
558 1
600 5
605 2
611 11
615 11
617 5
620 16
578 55
593 55
613 54
558 58
569 30
536 37
566 10
613 2
668 79
741 211
703 173
640 281
507 235
763 26
746 16
736 8
641 58
655 52
418 10
379 6
417 81
442 81
462 82
318 223
