109
1 184
29 179
39 184
63 184
23 238
111 275
98 278
101 316
20 350
29 483
41 516
168 356
141 344
265 340
281 295
145 198
208 158
231 205
286 175
312 181
330 188
374 201
402 218
438 234
520 198
489 195
480 155
355 566
285 57
285 65
287 82
288 110
307 121
307 80
327 67
347 78
350 99
331 112
338 128
355 130
378 117
388 109
384 138
407 147
446 120
443 103
444 71
419 83
482 61
499 56
195 94
186 96
369 9
380 10
580 145
610 107
438 51
449 33
461 32
473 24
482 14
490 14
475 36
482 50
505 41
508 31
518 15
527 19
541 12
542 40
569 39
582 33
582 20
640 12
609 3
597 8
574 15
579 1
575 23
562 6
558 7
540 2
623 66
674 59
708 61
713 57
730 60
734 94
709 89
714 105
668 140
670 198
764 66
669 15
700 13
704 18
715 13
717 25
732 27
746 19
750 32
766 30
697 1
765 192
677 7
691 5
688 2
505 10
434 118
