87
454 373
320 371
286 371
173 314
152 286
290 267
244 223
219 226
175 202
99 193
20 218
6 113
1 37
19 26
38 28
21 4
6 4
1 11
65 7
72 19
86 5
96 7
122 5
129 27
134 27
107 35
93 31
110 54
65 62
129 86
136 99
111 120
200 127
183 76
152 55
148 77
188 52
164 19
144 19
180 5
211 5
252 127
272 146
313 222
337 237
367 223
374 109
329 50
328 35
287 39
316 84
324 84
268 92
227 47
241 34
243 11
231 6
474 19
540 34
549 9
567 27
613 2
651 15
722 11
740 45
612 89
573 71
522 145
417 200
513 242
760 33
766 567
115 558
721 204
660 73
57 250
151 136
57 192
100 75
33 1
195 1
405 9
389 50
352 62
373 75
442 107
459 149
