73
295 343
320 279
413 268
401 209
322 209
295 185
114 369
77 254
133 241
235 131
219 81
194 77
136 92
138 134
73 110
29 142
14 203
122 172
292 150
318 141
293 132
479 93
494 104
485 119
452 84
414 66
7 93
167 176
163 134
187 118
203 123
400 51
367 50
310 48
286 51
392 127
396 110
379 104
360 120
350 111
365 148
347 149
329 169
460 143
400 93
511 137
505 173
501 50
491 62
482 138
507 99
329 146
455 100
432 99
427 109
436 115
435 136
447 142
453 215
405 100
469 53
495 85
217 182
217 149
318 124
272 85
286 81
330 101
260 109
69 176
53 239
168 202
473 326
