161
413 325
331 303
36 204
43 184
51 197
51 211
84 213
30 351
22 317
6 300
14 273
19 264
9 245
7 205
21 206
67 167
80 164
100 197
109 193
109 205
109 215
82 259
119 284
117 298
164 258
160 212
135 209
135 203
141 187
84 184
71 201
177 172
156 180
138 180
138 171
148 175
145 173
147 162
138 157
162 157
176 159
188 156
199 173
191 170
188 175
207 192
183 210
183 203
172 201
257 212
249 196
257 182
265 180
283 178
286 170
287 189
294 193
310 238
307 244
349 181
339 175
360 170
330 176
252 161
262 146
250 150
239 149
230 149
386 174
388 162
394 168
407 175
419 180
423 164
433 168
444 175
462 250
454 236
523 241
518 239
537 190
508 188
499 186
508 178
495 176
481 162
478 159
455 166
505 166
511 166
604 252
616 252
612 238
579 187
523 138
512 136
508 141
501 138
501 130
540 138
529 130
524 127
587 157
593 147
586 141
578 143
572 143
557 135
611 138
611 152
598 156
621 155
629 155
637 145
647 136
658 143
680 199
709 186
721 199
731 198
746 210
754 212
700 176
698 147
706 138
707 131
690 130
681 127
724 122
730 130
738 122
750 138
749 127
747 108
760 112
763 135
760 122
200 548
93 164
53 186
199 208
212 198
213 189
216 182
230 184
245 170
260 166
265 163
324 156
338 156
453 165
464 198
485 187
447 339
736 109
752 105
722 114
693 116
654 147
759 135
758 127
