150
15 328
45 294
27 412
3 445
54 454
74 407
71 379
113 362
103 425
91 265
98 225
123 265
93 229
106 159
248 365
290 395
315 432
372 348
513 469
559 455
699 365
145 187
150 201
169 205
159 166
147 163
183 125
182 113
186 107
209 111
220 88
201 77
204 77
218 71
224 73
225 68
236 72
247 72
258 69
205 178
201 179
213 174
222 173
215 208
246 229
240 201
247 177
239 174
242 167
252 161
263 159
259 159
271 144
276 154
287 160
290 152
299 174
310 170
265 182
249 173
264 178
304 217
327 213
327 221
287 261
352 193
364 187
365 171
356 160
343 155
355 155
326 150
315 158
310 145
324 141
337 140
362 126
370 129
379 133
393 135
402 130
405 126
417 124
420 122
416 116
423 120
430 118
433 120
433 118
427 116
439 118
442 118
454 115
456 118
459 120
470 118
474 125
455 123
445 126
442 125
442 121
439 129
433 134
430 131
434 141
444 133
449 139
444 146
437 167
434 173
446 119
445 117
452 200
435 205
421 200
458 228
415 257
380 247
491 200
482 195
499 168
518 121
522 127
530 156
524 179
529 176
533 182
536 176
513 192
512 212
547 191
556 170
559 132
576 133
580 133
587 120
601 120
590 155
592 153
584 158
578 162
579 170
588 170
603 172
622 126
608 176
626 177
631 194
671 230
193 115
