105
391 358
349 238
333 216
306 177
274 154
263 172
205 165
210 217
183 195
225 271
172 314
56 201
13 221
465 166
505 172
455 99
477 78
412 99
410 65
397 55
379 64
354 69
147 48
101 60
78 64
84 56
63 61
37 61
1 49
111 49
112 35
137 74
151 75
170 103
211 47
194 31
58 35
48 32
20 31
16 30
12 31
5 34
39 6
45 2
57 2
51 9
61 10
82 4
88 10
98 6
119 6
121 4
127 6
129 10
127 17
122 46
205 34
216 30
237 36
252 34
277 43
290 43
320 51
347 41
309 19
294 22
268 27
255 19
242 29
242 20
223 20
224 14
216 5
213 1
206 3
198 4
192 9
187 4
181 4
175 4
171 8
176 10
186 12
169 34
259 3
267 16
299 20
285 19
314 24
345 15
357 9
346 9
363 17
379 17
386 14
400 22
371 16
327 69
485 14
340 17
306 16
210 71
318 14
27 22
21 21
