81
30 71
46 74
39 95
52 109
16 185
40 181
96 104
114 111
114 48
129 51
143 67
164 67
204 32
222 42
341 12
161 127
203 96
227 98
256 127
269 127
280 78
271 99
303 64
296 60
296 47
339 67
371 79
388 81
385 61
386 139
379 178
406 227
406 45
407 60
361 19
130 437
357 380
643 417
706 568
615 297
560 260
515 325
482 278
764 241
692 212
573 140
541 133
749 107
706 96
698 125
654 144
646 82
615 67
630 60
639 40
656 29
675 33
699 2
629 22
583 31
555 15
520 18
516 22
538 41
543 61
548 70
555 78
607 44
479 17
487 20
478 29
461 20
501 48
479 70
460 63
451 54
414 32
427 33
425 1
483 1
730 3
