106
420 357
256 301
206 309
310 280
357 202
6 257
42 233
103 251
142 238
75 143
203 157
249 149
338 138
4 72
19 65
17 85
33 82
40 64
62 60
71 57
68 73
116 71
132 65
161 72
3 42
14 28
137 29
134 52
149 30
167 51
184 34
197 46
191 56
183 72
236 55
235 37
266 51
297 77
307 69
320 75
326 65
325 46
301 52
338 33
352 50
359 32
151 15
124 20
116 14
180 17
198 18
215 26
111 53
314 27
336 15
350 15
335 8
370 58
380 43
392 50
398 55
409 50
443 44
462 26
436 26
469 21
477 19
484 42
499 67
500 21
292 7
495 165
98 39
78 35
84 30
66 25
18 16
25 5
40 3
47 3
61 5
79 5
72 7
92 14
93 3
111 2
125 3
133 3
144 4
157 5
178 12
224 5
230 13
243 14
259 7
270 5
375 7
399 10
410 3
352 3
341 2
443 5
509 38
506 26
506 6
485 2
