205
38 296
28 179
98 199
167 174
135 138
399 286
402 265
471 263
531 268
555 261
706 228
689 219
732 190
734 163
696 160
648 202
564 186
560 151
533 146
458 192
759 138
743 139
744 110
717 91
688 95
610 101
651 61
583 123
497 120
514 81
486 90
449 118
421 143
382 153
596 81
571 74
555 79
480 70
445 72
442 57
448 46
462 54
415 57
385 67
366 61
338 70
324 70
312 64
207 77
182 81
78 44
112 58
141 45
149 41
155 45
169 52
188 52
184 42
170 35
243 51
256 48
272 24
224 42
11 22
8 66
31 22
27 11
30 6
9 2
43 8
55 12
52 8
90 18
122 5
122 1
102 17
100 22
85 26
134 54
171 19
187 20
182 17
170 3
123 65
90 42
214 49
216 46
266 79
278 74
308 48
310 29
299 25
291 30
269 28
247 23
231 12
209 33
201 37
207 26
198 26
202 13
203 7
195 5
240 3
243 6
250 3
261 4
258 3
270 14
265 8
278 12
282 6
271 8
290 3
299 4
305 14
299 18
276 7
268 2
270 3
327 25
337 27
340 13
339 38
338 33
358 35
359 30
367 43
377 43
391 34
399 30
386 7
374 3
365 17
408 59
407 68
349 117
505 113
534 70
518 70
524 54
530 37
535 30
546 31
433 24
430 24
443 19
453 17
468 19
472 16
475 10
469 9
460 11
459 4
452 9
445 7
436 7
431 6
426 5
421 9
407 2
402 1
536 19
529 19
545 21
567 22
559 25
546 39
604 47
602 39
579 59
576 65
589 66
583 77
603 74
598 75
563 61
632 49
615 43
609 40
644 25
658 50
676 43
675 38
683 19
689 37
707 42
714 34
706 23
707 17
664 50
665 44
673 93
657 104
765 54
733 21
722 19
517 58
599 125
96 1
99 2
220 23
249 1
725 19
741 19
