94
10 469
38 356
140 311
120 252
112 209
216 284
273 182
236 153
465 169
528 150
529 100
629 254
645 405
664 384
712 52
764 61
371 74
433 59
279 66
199 128
159 133
161 82
203 71
211 48
158 42
141 61
116 61
16 80
34 73
44 63
53 64
71 52
80 27
83 97
63 121
44 120
98 16
106 11
145 24
153 16
161 14
181 12
199 4
209 21
215 13
236 18
250 11
273 7
277 4
284 19
265 35
290 12
309 6
329 39
347 20
347 5
369 9
381 20
141 44
61 67
399 5
411 15
493 3
508 2
530 12
537 6
614 2
650 2
712 12
722 19
436 1
515 250
12 129
153 9
392 10
321 5
331 18
652 33
545 48
551 29
576 10
632 58
602 20
602 20
602 20
548 86
336 186
381 153
275 238
546 11
569 92
429 374
603 105
333 101
