101
488 336
482 292
459 295
105 360
59 255
347 249
326 269
458 268
449 249
164 224
150 216
105 206
82 207
94 196
40 181
105 158
97 158
112 151
166 185
167 161
199 159
201 193
219 176
205 154
214 181
250 228
270 209
289 199
279 175
253 151
268 142
281 149
287 160
43 133
51 134
101 127
103 124
128 135
210 151
223 134
218 123
237 128
252 140
256 130
265 130
313 183
317 175
359 210
335 187
342 185
353 177
368 175
397 212
391 203
381 200
391 172
387 167
404 163
391 142
416 139
417 179
425 177
436 175
452 176
441 217
456 226
467 223
467 171
460 166
429 149
422 125
417 126
409 128
405 128
429 120
456 128
458 149
436 127
475 144
436 135
432 138
484 151
506 174
487 186
438 125
455 124
459 121
54 118
187 147
188 154
437 148
433 145
452 150
459 130
471 145
466 142
384 137
391 139
438 122
446 124
443 123
