186
197 299
209 240
252 240
148 246
111 244
108 260
135 296
31 251
32 229
101 194
1 229
8 187
18 172
51 156
56 160
1 109
15 121
19 120
21 133
24 119
32 145
45 119
42 125
51 122
41 120
57 120
64 123
70 123
78 123
93 122
82 143
83 139
92 133
95 139
98 146
102 137
112 140
133 130
138 128
149 116
152 139
148 142
157 162
150 190
163 142
168 146
161 129
176 133
174 130
180 135
191 147
190 140
183 127
189 119
184 112
204 139
235 131
243 133
240 122
240 110
254 114
258 118
344 164
343 157
352 148
363 151
383 137
404 146
387 125
407 125
429 139
432 121
425 113
431 111
446 108
446 117
463 120
475 115
484 109
491 123
484 120
496 118
469 141
411 109
411 104
402 108
398 114
392 105
387 115
396 91
386 98
380 97
382 97
382 111
378 110
374 120
366 119
371 115
358 116
370 113
371 99
360 107
355 106
350 113
351 118
348 120
341 124
333 120
326 127
303 123
296 127
266 122
264 111
280 109
280 118
284 111
288 115
292 113
294 110
297 100
293 118
302 114
303 109
311 109
320 107
318 119
316 115
322 114
325 117
331 116
331 110
326 108
338 112
345 111
346 106
316 96
308 98
337 93
335 95
344 95
348 95
352 94
358 96
309 89
312 87
309 86
308 81
306 84
303 76
296 75
330 81
327 89
337 84
337 79
351 83
355 84
357 87
364 91
362 86
363 85
367 83
367 80
363 80
359 80
357 78
377 87
382 86
384 85
386 86
386 84
384 83
382 83
383 81
380 79
378 80
375 77
374 81
374 85
389 79
390 83
393 85
396 84
393 79
396 78
397 75
334 257
