99
46 82
40 45
55 45
80 45
114 42
93 87
60 79
97 40
134 49
147 41
142 102
130 102
118 97
156 141
137 19
122 30
124 19
108 4
95 4
90 12
34 3
128 1
170 86
183 47
172 38
167 36
162 14
153 4
154 12
169 4
181 17
204 15
207 36
198 38
185 1
235 25
244 19
238 38
250 58
268 28
261 26
256 1
288 19
283 6
301 21
323 12
321 29
306 34
302 49
274 58
263 67
232 84
338 25
360 21
380 12
367 4
397 12
414 54
419 74
382 60
389 100
422 133
389 126
359 116
349 100
320 93
303 73
285 93
283 130
270 150
184 151
186 124
175 172
172 182
184 209
183 256
162 220
190 289
278 184
338 179
379 194
422 198
381 150
437 12
463 16
496 11
507 32
499 52
510 47
503 91
487 67
508 115
473 107
455 103
443 82
426 72
486 130
476 186
468 221
