190
367 549
242 519
449 452
417 379
395 333
508 282
522 241
196 346
92 319
40 321
16 314
11 254
54 293
54 271
92 273
109 286
38 91
47 94
62 93
33 105
22 115
29 125
41 145
12 159
13 186
15 217
33 219
66 193
61 212
83 181
110 235
86 275
148 248
151 231
134 204
128 192
118 170
76 107
91 105
99 95
115 81
113 97
137 92
148 127
132 129
143 146
150 161
149 152
154 188
158 204
181 204
190 213
188 232
184 268
210 269
177 81
161 91
173 98
186 103
196 115
183 146
195 152
201 185
217 168
270 283
294 276
300 228
287 214
302 193
267 165
272 155
316 149
237 142
229 135
258 129
268 121
308 120
317 86
312 88
325 78
292 100
279 86
261 84
247 106
239 97
234 99
228 76
151 31
160 24
138 49
165 31
179 27
196 22
216 15
254 1
221 19
213 31
199 27
183 33
206 46
214 50
239 70
252 56
252 44
264 41
280 43
280 50
293 52
318 73
326 61
318 40
308 39
302 6
304 3
317 3
317 12
332 6
340 25
346 21
356 20
365 22
361 35
354 44
334 38
356 102
367 100
351 141
338 148
365 142
342 183
394 146
383 141
385 125
380 13
375 22
380 30
398 11
410 14
421 10
406 21
393 36
411 31
441 15
442 21
449 31
450 55
407 71
421 85
440 105
440 162
500 111
497 141
523 109
467 2
473 8
404 9
480 33
475 30
495 39
496 7
509 6
511 10
523 13
524 1
537 18
544 28
575 24
551 6
604 2
633 2
651 10
749 28
749 50
720 31
719 63
716 81
724 102
741 81
634 75
594 43
383 185
366 202
355 209
344 249
342 239
339 271
741 5
410 188
434 66
623 2
