291
443 379
500 131
483 121
446 177
384 217
255 175
197 187
14 232
85 243
87 205
99 199
127 186
165 182
168 168
183 184
166 158
20 172
31 168
46 168
67 152
82 146
103 108
128 135
119 137
137 130
144 131
153 137
186 80
225 107
228 80
231 121
254 113
259 105
269 92
260 74
250 91
241 100
190 39
176 37
173 32
157 51
158 39
158 32
148 34
153 22
137 29
124 28
108 38
108 31
100 29
82 32
73 36
71 50
75 55
58 49
59 70
40 35
36 52
31 51
6 79
186 25
193 24
189 19
199 36
207 27
211 34
223 31
224 25
227 19
232 19
251 25
258 26
257 21
286 22
245 35
255 12
277 11
281 10
288 9
298 7
298 3
307 8
308 15
300 23
296 23
319 48
320 41
323 24
321 17
324 9
322 6
332 8
332 14
343 19
336 6
344 6
341 6
351 3
351 9
360 20
358 14
357 12
365 9
369 9
368 6
377 10
375 4
379 1
383 5
392 6
394 11
398 4
400 11
402 15
389 28
387 19
370 34
383 33
387 33
419 3
413 11
418 15
423 14
425 6
424 21
423 30
408 21
421 36
428 29
410 39
405 41
393 48
394 14
405 53
382 42
354 43
349 38
340 34
328 43
333 53
333 61
340 62
335 48
348 82
351 72
359 66
360 58
366 53
388 72
377 61
387 60
414 69
419 73
426 65
394 112
371 106
318 61
310 57
299 61
294 60
303 79
294 85
283 86
287 82
299 113
298 103
312 115
319 101
332 114
322 87
320 71
334 73
511 83
511 74
487 85
476 89
454 136
440 145
435 120
447 79
440 74
435 60
448 49
445 27
450 34
456 41
458 61
470 49
479 52
480 67
498 50
489 49
500 43
500 38
498 32
487 35
488 28
479 28
474 38
467 42
462 36
465 26
458 26
453 25
453 29
451 20
445 19
500 25
503 17
497 17
492 17
485 16
483 12
476 19
475 16
465 14
461 10
452 14
448 11
441 7
438 7
435 7
432 15
435 23
449 4
443 3
456 5
474 10
472 6
476 4
481 4
482 1
487 2
487 8
495 5
490 7
501 9
505 9
504 2
511 6
168 90
82 94
72 29
77 30
148 55
241 25
232 27
281 109
288 104
319 191
265 13
267 12
285 8
290 4
288 3
291 8
293 7
286 14
329 4
345 70
393 26
372 27
376 24
364 24
362 15
355 6
331 19
368 2
386 7
403 8
400 22
414 2
411 5
430 8
411 28
407 27
443 22
470 18
462 17
467 7
468 3
334 69
509 3
507 13
469 27
465 18
440 26
451 8
455 4
429 22
467 118
