252
193 566
635 373
464 212
439 206
366 215
306 212
295 215
320 196
286 238
262 245
269 205
203 193
174 167
158 170
155 153
141 185
115 153
88 155
69 151
50 161
27 163
35 199
26 206
41 233
81 187
6 176
46 102
136 76
134 73
156 77
157 68
153 89
161 114
165 121
196 139
220 132
211 114
224 118
231 114
240 126
250 132
258 129
278 146
271 161
282 161
264 161
237 166
291 133
299 118
288 120
271 112
268 103
284 105
282 93
291 100
310 109
306 99
319 122
337 133
346 127
342 121
348 111
339 100
322 91
306 91
36 57
379 124
388 110
391 94
382 90
379 99
467 185
500 174
492 167
489 153
517 203
568 194
572 159
551 142
547 127
546 118
522 113
530 84
516 93
534 79
531 73
535 50
523 55
509 71
505 73
507 77
496 81
470 76
471 106
461 81
449 70
444 69
432 83
435 116
441 115
438 124
430 126
423 42
426 46
433 49
436 48
446 47
450 41
453 56
454 64
462 60
466 62
491 56
488 59
496 59
503 55
503 42
486 39
487 38
526 36
534 35
549 41
551 67
549 62
547 66
543 64
489 73
653 143
656 186
623 176
607 169
628 113
638 107
645 106
639 96
660 89
610 99
591 98
563 84
562 66
556 55
558 44
576 60
585 52
610 62
613 64
629 65
604 82
596 81
622 80
633 79
639 86
664 80
674 76
655 70
675 62
670 55
733 91
749 93
755 66
766 71
711 65
697 56
712 46
721 44
598 40
558 35
557 33
559 28
548 33
547 35
596 31
596 26
593 24
602 35
614 33
620 34
622 34
620 30
633 31
628 35
635 32
636 28
642 28
642 25
649 33
645 30
654 29
652 36
664 36
664 32
664 26
668 28
673 27
669 35
680 35
687 35
687 32
689 23
658 36
666 38
741 36
736 37
733 32
725 34
717 28
709 34
705 34
703 31
700 36
699 26
709 17
720 17
726 17
725 15
722 14
731 18
732 14
736 17
736 14
738 16
744 16
747 18
743 13
752 19
752 29
750 34
736 22
757 10
759 12
760 9
758 8
762 10
763 8
766 10
766 13
764 13
767 11
763 30
767 31
688 55
62 46
113 74
150 76
138 92
164 113
743 26
706 51
697 52
752 10
686 137
746 169
