161
67 469
174 455
227 499
421 536
330 383
150 325
58 340
93 269
17 253
100 218
350 286
457 209
385 194
238 226
245 206
164 195
153 163
70 150
42 172
11 192
19 116
54 121
73 107
83 96
103 114
142 110
149 81
110 81
201 95
209 109
208 72
251 71
273 87
310 95
306 151
377 143
500 186
481 131
537 133
498 95
588 153
625 199
653 255
760 417
752 203
724 115
763 84
746 81
729 66
722 55
702 107
693 44
645 70
656 44
630 83
595 88
603 122
601 70
607 51
623 52
579 70
562 66
541 71
538 54
544 41
514 48
527 28
504 48
493 28
474 37
461 36
445 67
432 91
423 74
440 44
437 25
426 35
403 70
399 54
406 28
393 36
395 31
374 38
369 28
366 22
353 38
345 13
328 22
313 18
324 74
313 61
306 57
301 51
306 28
293 20
289 24
289 35
259 37
285 54
209 51
207 41
221 32
233 52
232 41
237 26
253 22
261 22
301 5
2 82
18 80
41 75
30 61
11 51
2 25
29 38
25 19
6 4
25 3
32 8
46 34
64 43
52 25
59 9
47 6
70 12
68 4
92 9
106 34
99 30
98 46
137 29
143 38
139 48
172 25
190 32
207 17
194 14
195 4
219 4
238 9
247 6
262 5
284 2
168 11
116 9
116 22
99 1
210 5
442 31
413 31
507 336
300 16
319 13
322 31
333 50
352 24
289 216
197 284
142 7
219 20
587 56
