107
13 388
8 212
212 228
427 308
656 346
627 272
708 207
722 155
671 138
607 122
580 159
592 150
580 116
552 149
549 204
464 160
435 140
453 105
476 101
499 103
534 107
531 51
124 120
84 113
165 103
162 82
228 139
235 101
257 95
198 58
184 46
140 66
119 76
100 58
552 51
558 35
600 36
611 14
596 10
618 45
594 50
553 5
584 10
696 64
709 56
722 45
741 46
723 75
736 25
481 35
475 24
469 22
441 52
428 80
460 78
441 7
430 2
421 7
412 18
400 7
386 15
388 75
380 167
347 169
298 149
308 113
330 95
341 61
362 59
317 60
304 53
287 45
274 71
30 66
24 37
45 50
60 48
63 35
76 46
70 9
160 63
161 49
131 39
166 29
182 36
191 24
183 13
170 10
198 24
207 18
213 30
229 32
239 33
233 19
261 34
287 33
287 18
258 16
249 32
338 26
318 21
270 11
275 3
292 1
4 14
58 1
569 8
