91
4 256
45 216
95 283
196 311
155 186
500 156
429 139
509 79
417 99
398 108
316 136
259 135
42 186
4 201
63 183
98 160
119 146
139 137
175 126
190 128
197 123
214 123
196 51
180 54
172 63
154 69
158 80
160 76
141 79
123 54
104 55
87 44
75 12
49 17
35 24
23 2
12 17
119 3
92 94
82 97
66 119
46 116
36 122
8 135
187 102
237 73
245 63
231 47
232 15
256 12
257 39
272 30
278 26
282 21
279 42
295 64
258 67
303 89
337 77
334 51
325 41
314 51
344 45
359 55
382 42
407 43
393 21
382 25
337 14
347 10
320 12
390 7
416 12
445 64
420 35
463 63
477 55
460 26
451 17
439 16
447 6
475 24
499 9
365 243
292 3
280 9
57 112
183 63
500 225
440 1
310 15
