166
109 367
71 442
175 358
318 481
412 522
448 498
564 439
630 369
458 355
385 349
487 293
381 325
318 325
266 312
329 306
136 297
113 259
34 278
29 270
132 244
121 245
355 247
293 247
261 236
250 218
194 237
182 232
212 223
303 220
320 232
327 220
345 225
368 220
394 233
381 240
418 259
431 234
450 235
433 211
702 274
640 269
594 270
594 260
653 267
639 250
674 262
653 212
698 210
744 139
744 143
752 143
758 142
755 150
740 154
730 145
719 141
711 142
708 156
704 147
688 145
697 153
720 161
725 161
732 159
743 163
749 159
708 161
722 163
701 163
698 169
760 146
752 183
756 166
699 184
743 201
736 202
703 205
623 196
764 217
762 211
674 246
601 241
604 210
395 169
404 164
419 167
425 179
419 184
412 181
386 188
358 192
348 209
479 171
487 169
475 158
486 163
487 159
497 158
505 164
503 187
495 194
490 162
500 162
336 175
338 169
320 186
330 184
319 201
307 181
315 159
323 160
304 153
294 156
282 151
272 156
277 170
293 183
294 177
286 194
258 189
252 181
260 160
256 151
246 158
230 188
226 204
220 168
207 152
219 157
194 159
199 156
200 146
191 149
188 150
185 182
197 194
184 203
172 200
164 199
156 205
141 198
163 171
156 156
150 149
151 144
143 147
143 153
139 159
131 173
129 158
128 153
129 149
136 144
136 150
84 164
84 156
23 164
7 167
3 168
5 211
97 207
50 215
237 146
766 201
327 180
594 209
