89
503 184
475 195
510 229
419 230
322 238
309 314
316 344
282 269
269 188
243 171
261 150
289 164
362 168
427 154
408 149
140 206
125 218
111 224
10 213
18 258
2 276
11 129
22 131
32 144
41 117
55 119
65 119
80 116
86 113
96 117
123 104
89 142
76 140
213 115
214 91
212 84
209 79
225 82
228 94
235 95
244 85
260 100
260 80
259 71
267 74
273 79
283 89
289 78
309 102
322 96
299 68
309 72
311 79
317 87
304 96
317 72
326 68
336 77
339 84
339 94
353 74
343 64
352 61
364 70
370 70
375 68
380 70
384 66
388 70
398 89
371 114
401 114
422 59
439 63
444 48
451 56
456 51
465 46
465 49
477 47
479 65
489 47
493 33
498 34
511 44
509 32
499 82
506 84
458 115
