201
12 537
30 441
106 464
40 247
87 252
118 284
46 159
90 161
44 189
171 276
129 139
215 207
253 228
366 275
229 136
208 139
210 107
205 108
193 107
180 106
187 121
195 118
267 98
292 106
323 106
346 105
367 190
300 92
265 84
472 201
415 136
404 92
431 97
522 207
612 112
608 82
587 90
552 70
525 75
506 98
486 77
457 74
138 37
127 19
185 2
186 1
136 5
142 12
204 31
221 55
233 33
206 2
252 26
8 206
277 5
270 1
255 3
262 12
266 10
295 20
289 16
288 3
291 2
301 1
318 2
327 1
267 58
282 60
300 63
310 59
316 54
331 55
334 50
343 18
340 19
338 10
388 39
406 63
409 52
443 52
435 41
468 53
473 46
467 35
490 43
421 32
185 162
380 15
382 12
376 9
394 11
400 10
403 13
411 14
415 11
423 7
425 1
434 9
437 13
448 10
456 19
465 18
468 12
473 22
478 25
482 28
487 29
266 64
511 32
509 28
494 25
499 17
521 20
531 10
534 9
540 7
541 21
532 24
538 34
523 29
526 33
549 37
544 31
550 22
561 8
569 15
577 14
579 22
589 25
587 41
600 27
612 18
599 14
591 19
586 7
593 9
603 7
615 6
620 10
620 8
623 9
625 7
711 43
729 42
758 22
764 14
758 13
754 14
750 16
755 18
747 10
744 9
731 17
725 20
729 13
718 9
717 6
713 10
706 11
701 30
691 24
684 22
685 14
693 11
704 9
697 1
685 1
693 1
686 9
678 10
673 7
671 11
677 16
667 15
661 16
656 17
654 22
651 14
643 12
636 16
632 10
633 7
640 8
645 5
649 5
654 7
659 11
662 9
665 8
665 13
665 11
677 7
335 9
172 4
175 3
165 2
148 14
114 29
131 6
149 5
760 30
