77
486 428
585 387
627 330
715 288
746 254
71 241
101 211
122 183
148 163
160 170
165 195
183 185
200 192
261 212
376 213
387 205
382 151
352 133
403 144
377 89
543 188
527 185
562 136
526 134
525 115
510 122
500 79
524 71
216 96
227 94
239 88
232 77
443 64
375 44
299 46
256 18
314 22
375 10
304 14
286 10
276 12
235 26
231 3
242 4
252 3
257 1
267 1
273 5
522 67
504 12
494 32
511 12
527 5
546 4
530 20
537 18
538 30
554 23
567 16
574 11
579 7
590 9
638 12
646 11
652 6
664 9
679 37
756 41
765 22
21 66
18 82
35 110
57 116
82 97
96 124
229 80
471 58
