146
372 490
318 402
286 360
257 424
251 439
218 476
213 465
170 428
158 419
153 405
65 426
18 402
14 422
26 465
18 481
54 507
133 533
211 340
193 335
188 335
169 339
111 340
231 325
265 324
277 321
291 314
299 313
301 306
317 314
428 289
501 321
540 334
586 391
621 353
640 369
725 340
748 324
749 311
739 302
748 253
734 246
715 248
669 268
665 241
637 245
621 239
585 256
534 262
521 265
499 273
513 284
479 248
483 235
443 228
432 235
443 222
451 219
398 241
388 254
382 256
371 260
371 251
767 225
715 206
692 202
685 209
431 185
418 190
394 192
382 234
371 233
361 226
346 228
344 223
333 219
332 237
355 235
298 258
266 260
267 286
248 239
228 227
246 221
257 224
263 222
265 219
265 239
277 226
288 224
292 224
300 224
302 221
307 229
320 197
328 185
329 191
342 194
349 193
344 181
346 180
376 182
386 187
384 185
387 185
450 185
442 184
146 197
140 197
134 196
130 196
450 162
461 162
465 162
459 166
524 259
131 570
688 148
40 342
151 200
148 187
128 196
134 194
205 223
378 196
390 192
407 186
410 186
394 186
396 186
304 193
311 193
350 181
346 196
334 195
335 194
363 188
279 261
484 311
486 233
504 269
506 268
510 257
511 253
509 251
738 270
379 185
