169
2 111
13 108
10 96
12 70
25 74
49 82
37 75
63 72
68 77
84 76
93 81
94 93
89 94
71 95
61 93
55 100
50 106
107 100
118 102
118 93
126 95
134 115
106 119
82 107
74 105
68 120
54 128
38 113
30 107
26 97
18 103
26 113
16 130
12 128
31 152
63 159
74 159
89 156
121 154
134 155
169 93
182 97
196 107
209 109
206 108
210 137
218 135
190 133
192 140
210 165
225 143
208 131
240 146
252 141
258 181
241 176
208 209
184 172
163 163
165 194
144 201
131 245
109 226
89 191
40 183
38 170
45 156
16 170
16 182
6 175
19 237
63 251
204 325
243 342
32 297
262 138
254 132
285 116
280 132
269 138
294 140
309 134
328 152
338 148
358 151
362 160
372 149
412 169
436 174
403 148
423 121
433 118
435 110
435 94
433 83
431 70
436 67
427 71
409 78
419 89
419 96
407 96
411 88
401 84
400 91
401 113
377 121
374 133
383 96
389 95
384 90
389 90
392 83
385 86
383 76
372 74
370 70
374 97
372 89
362 79
357 70
346 64
359 63
352 74
348 85
344 88
345 83
331 85
329 91
316 86
331 98
346 97
349 92
356 93
362 106
327 105
320 110
315 101
308 108
300 107
448 122
443 109
448 96
462 107
469 101
453 89
463 82
463 76
457 72
455 76
445 68
442 75
415 81
490 76
477 71
488 72
487 79
501 76
505 70
507 77
502 92
506 86
496 94
483 96
484 165
489 199
469 214
425 233
402 224
