126
503 344
485 240
466 181
281 221
238 204
227 195
15 6
23 12
29 7
40 6
5 72
24 57
31 56
30 45
43 62
35 78
69 75
70 63
88 60
98 75
122 77
136 80
215 198
174 84
189 72
185 59
164 48
150 41
142 27
152 17
106 13
93 8
86 28
85 17
106 39
108 34
201 12
194 11
186 7
179 12
167 1
193 1
213 12
212 6
260 45
240 73
229 60
262 21
282 12
311 14
314 35
332 34
343 21
327 4
347 10
344 1
357 47
367 32
390 38
385 17
379 4
399 29
408 31
416 25
441 52
421 52
413 55
396 65
405 78
424 112
374 115
358 131
314 80
312 125
264 78
402 16
392 21
400 6
409 7
421 8
430 12
430 26
450 19
446 9
440 13
472 16
466 12
456 26
456 35
455 50
474 47
495 27
504 29
503 22
501 71
498 98
488 104
496 117
461 80
466 79
48 21
63 377
150 127
166 128
133 64
112 34
306 5
328 18
227 1
227 17
225 27
212 66
216 75
147 7
142 1
53 6
63 1
277 16
332 102
193 149
308 101
439 26
477 34
490 69
356 28
352 39
