140
48 238
83 231
139 224
57 170
240 376
283 365
422 374
321 286
307 186
334 187
384 222
401 235
440 278
471 261
509 245
479 215
497 202
467 188
492 182
506 169
384 160
354 148
262 154
431 153
474 131
491 122
488 85
466 84
1 87
12 56
27 75
19 102
38 97
27 55
51 76
90 79
99 97
42 46
45 11
50 20
58 12
56 6
64 8
68 4
65 1
59 55
71 56
76 48
67 44
83 61
95 71
104 64
100 52
118 35
119 52
120 68
139 81
131 64
140 56
146 55
157 67
148 75
159 88
167 56
159 34
157 24
171 34
167 31
186 37
157 1
173 2
191 3
203 13
207 2
190 30
204 37
193 68
208 45
223 97
210 84
216 65
226 62
233 68
233 45
220 29
227 33
239 46
254 45
249 89
271 90
268 107
266 77
279 80
289 78
301 74
318 73
266 53
241 32
249 32
263 35
272 46
265 40
280 38
290 42
295 39
289 33
297 25
264 19
252 1
281 9
292 13
305 11
313 28
330 14
347 18
336 28
339 36
347 39
355 38
354 29
367 41
364 52
370 57
388 35
414 17
372 124
361 129
384 109
407 132
416 120
271 37
443 51
446 33
464 40
478 60
474 72
484 53
492 47
432 20
417 22
