141
8 543
51 573
261 512
321 568
17 352
32 265
54 243
129 273
128 235
121 319
54 323
224 301
229 253
193 231
267 225
292 235
308 284
400 264
328 213
352 180
472 251
392 330
452 372
434 481
529 343
559 321
666 360
645 258
706 290
757 183
766 316
744 128
537 180
547 95
525 114
498 76
446 136
401 111
401 83
390 139
437 151
325 172
326 117
339 103
277 117
260 106
237 105
271 200
256 185
219 198
202 169
216 146
210 150
142 199
112 222
29 231
3 112
59 104
91 120
100 94
125 100
125 136
141 117
137 103
162 139
163 126
160 199
223 136
199 119
199 103
204 89
206 86
227 86
220 85
238 94
236 88
276 101
328 97
344 66
352 59
371 63
327 46
271 44
255 42
214 48
197 52
370 30
383 24
394 24
417 33
376 49
436 22
442 22
445 31
458 15
452 7
434 3
481 21
505 20
544 71
552 62
549 22
559 28
512 17
573 53
582 55
572 24
582 19
591 18
585 29
613 15
615 20
622 19
624 11
630 17
635 20
669 22
688 10
698 15
694 7
761 44
722 36
704 33
764 88
40 460
139 140
412 114
449 23
453 23
492 24
498 23
597 143
608 149
643 126
595 74
551 151
428 245
471 23
355 21
178 50
184 54
