72
32 304
215 266
179 250
154 243
69 265
308 296
505 341
390 212
343 256
217 222
189 200
184 175
129 182
78 215
57 201
21 152
51 161
74 156
45 130
319 169
346 186
402 177
13 82
34 88
25 113
46 87
54 77
65 108
78 87
85 109
117 93
97 36
94 17
67 24
116 12
155 6
167 12
151 67
195 63
231 52
245 81
203 88
260 89
229 70
301 27
380 59
329 80
300 106
285 122
270 105
199 135
176 118
159 128
149 135
155 155
200 154
251 161
255 186
301 143
328 148
363 126
415 118
439 102
470 106
454 155
448 172
507 162
506 111
491 73
186 318
24 324
441 48
