89
488 242
443 230
421 268
334 263
299 267
236 285
205 298
109 370
56 227
72 217
23 206
63 160
84 159
97 161
108 164
164 177
151 152
189 186
234 181
269 181
223 227
284 199
297 189
345 202
401 193
355 164
311 159
254 149
277 125
190 140
197 127
134 138
118 136
100 123
67 143
74 121
60 121
43 110
65 97
87 104
96 96
108 104
122 108
151 113
138 97
35 61
28 101
19 90
2 92
16 117
9 124
26 144
13 143
3 152
29 164
194 106
204 104
207 93
201 80
218 89
225 96
229 84
237 100
243 93
253 99
244 144
276 90
261 83
288 97
298 99
311 99
316 98
329 111
323 134
368 121
376 110
386 124
427 114
349 80
293 67
297 82
285 83
461 135
505 113
493 104
482 76
427 191
505 76
147 277
