178
266 532
113 409
95 332
79 255
133 291
340 313
357 379
462 440
535 463
618 473
576 357
699 267
576 226
538 232
616 210
651 151
388 192
416 175
461 188
490 179
358 191
338 169
352 107
339 111
440 107
536 117
571 112
637 104
246 119
224 119
188 130
163 133
89 88
94 92
73 92
52 96
42 100
33 98
196 56
263 60
279 51
292 60
307 54
324 56
325 48
337 53
344 50
336 63
353 55
359 59
366 58
366 51
378 62
387 54
379 46
398 49
397 64
408 62
414 48
430 45
437 42
435 55
471 53
483 49
504 54
274 35
283 40
291 25
294 31
301 31
309 30
297 41
325 37
323 26
341 30
360 30
386 31
394 21
328 14
487 22
484 39
496 22
509 38
522 25
532 34
527 42
521 54
561 41
560 28
583 38
607 58
614 52
624 56
628 48
628 34
610 39
638 25
648 37
653 24
497 11
477 15
471 11
519 12
532 13
545 19
467 40
619 20
636 11
647 11
635 6
661 43
669 32
678 37
682 41
691 37
716 33
730 20
711 20
736 15
741 14
747 31
758 50
759 15
603 5
68 71
72 44
80 41
29 24
37 24
42 7
83 20
97 15
103 16
148 49
178 2
186 4
318 3
335 3
755 124
457 29
442 26
447 22
433 18
397 12
403 3
414 2
419 2
429 3
443 4
438 5
453 10
454 2
467 1
478 2
484 2
492 3
502 3
517 9
552 4
556 10
566 10
578 5
587 4
665 5
683 8
691 2
648 2
639 1
716 3
766 28
763 20
764 4
747 1
66 23
60 15
14 6
104 9
143 24
