133
2 313
35 270
34 165
106 243
80 235
286 282
332 275
363 253
343 238
327 238
282 253
449 199
471 197
130 198
156 195
151 160
176 164
218 158
61 126
56 126
74 136
76 125
87 126
96 110
97 117
96 124
86 138
118 106
136 108
149 103
159 123
156 110
147 149
132 154
206 154
207 144
242 145
195 110
202 99
195 99
188 95
214 97
217 112
245 107
231 103
208 72
214 48
228 49
241 62
223 89
243 77
263 96
256 94
270 105
289 117
283 111
292 85
308 94
317 86
315 78
335 75
348 78
362 76
360 69
367 83
301 136
205 110
210 112
317 126
336 120
340 128
347 121
358 152
372 146
383 134
396 121
407 119
430 157
428 145
432 133
442 135
378 55
387 91
307 165
449 17
457 19
381 39
420 45
414 34
403 37
367 35
415 49
428 48
387 50
372 67
465 114
507 81
491 80
471 82
461 86
436 85
430 90
427 74
445 71
436 75
454 32
451 42
458 59
466 47
467 42
465 34
477 34
474 35
488 34
491 38
490 41
486 44
480 43
505 44
503 18
511 14
496 54
508 41
485 58
483 53
475 58
468 64
475 74
481 72
492 68
499 68
510 73
504 67
