168
123 281
136 205
48 177
43 122
41 78
58 70
154 76
181 77
247 104
218 154
270 226
289 211
367 244
108 150
66 3
12 2
96 5
456 308
361 176
519 216
446 234
616 262
601 254
670 212
415 35
421 34
451 57
366 54
379 48
375 62
392 70
418 68
429 74
431 86
421 109
400 120
400 101
446 90
451 98
466 83
472 74
463 54
498 90
485 123
454 129
534 127
512 106
523 108
522 83
505 80
504 35
488 39
525 39
485 26
496 27
510 26
515 27
520 37
411 48
360 2
370 8
370 2
376 3
469 179
476 167
545 179
527 164
458 138
539 30
601 120
554 147
570 128
580 118
556 80
564 79
572 87
574 90
578 77
587 76
627 56
634 58
649 53
579 31
611 50
618 44
594 46
604 53
581 40
565 48
545 44
549 48
483 289
694 90
705 101
714 110
700 111
699 122
663 69
683 54
687 60
708 49
719 56
714 80
764 69
747 164
115 13
123 6
148 5
142 10
190 22
205 38
161 30
136 17
180 23
213 32
216 25
224 27
247 11
261 16
264 25
270 38
252 47
259 60
262 52
333 46
274 90
292 80
309 77
293 23
289 10
330 20
303 10
312 12
312 3
187 1
242 26
276 1
268 1
333 3
350 1
429 37
335 84
341 76
746 24
756 72
205 8
208 7
342 5
345 47
337 41
329 35
33 122
527 202
278 36
285 50
377 13
384 20
160 11
16 91
514 36
591 50
608 50
592 121
475 32
510 34
522 146
560 133
45 1
