91
479 328
295 260
202 279
67 308
114 186
150 182
167 172
163 143
186 130
288 127
393 205
412 140
490 110
138 85
146 92
186 53
214 49
221 34
256 31
280 37
365 14
422 12
1 10
4 17
12 15
19 14
12 30
24 33
36 23
45 32
33 13
31 6
48 11
54 10
55 1
69 3
69 14
62 25
67 39
77 21
83 7
97 13
113 11
112 1
110 25
109 16
96 36
97 30
88 34
118 49
124 28
131 14
139 8
151 1
161 26
152 45
167 43
192 38
193 25
206 35
217 22
226 23
190 6
175 2
23 53
180 107
92 202
36 184
308 142
250 128
259 112
472 5
508 55
2 67
31 66
42 50
15 119
202 55
251 29
268 1
320 30
434 28
478 22
395 11
345 58
344 21
454 21
448 6
163 86
104 77
127 62
