104
482 242
476 204
153 347
5 301
92 275
3 218
14 179
32 16
7 9
48 20
60 15
67 13
59 46
55 35
69 64
96 38
92 13
78 12
111 9
68 97
109 98
74 133
109 151
64 181
162 247
170 211
166 159
172 110
153 96
142 73
136 73
153 59
182 29
198 27
150 30
184 58
188 42
199 51
208 27
205 7
188 8
178 14
226 6
239 11
247 28
231 30
223 39
245 54
269 67
251 98
269 110
299 133
296 103
292 69
327 90
337 69
284 165
296 29
284 34
285 23
271 11
260 12
268 6
292 1
317 4
329 2
344 4
360 38
334 45
327 24
315 29
466 50
499 80
485 128
509 150
452 170
444 142
410 118
428 52
413 58
412 39
436 14
459 11
476 31
456 34
426 12
322 12
357 1
378 3
390 4
495 1
280 278
245 199
104 34
125 39
12 60
23 55
133 7
158 1
341 149
365 1
301 2
245 86
212 25
