136
47 385
34 349
140 296
285 337
457 334
562 334
724 176
757 150
127 272
120 235
39 252
47 235
33 214
96 195
108 176
84 163
113 143
131 135
68 118
91 101
107 108
126 104
126 86
141 80
76 87
271 132
320 124
479 167
509 129
527 70
382 65
154 79
165 66
169 85
174 76
186 75
202 61
193 60
184 60
187 48
197 51
194 42
213 38
209 45
166 39
157 45
147 46
149 54
135 57
140 40
112 41
100 46
95 36
89 39
87 29
82 15
77 11
327 57
309 60
278 54
287 42
255 44
237 38
262 35
256 29
250 22
239 17
222 25
211 20
205 25
162 30
86 33
75 35
81 36
80 4
89 12
71 5
74 3
81 2
79 1
90 67
426 24
461 31
478 20
459 18
455 13
445 3
436 14
425 11
404 12
391 36
374 19
515 14
528 21
542 19
557 20
571 16
612 22
607 4
666 11
680 10
475 5
494 3
542 13
557 12
523 15
258 21
255 14
264 13
273 13
247 10
212 10
203 16
218 4
234 3
254 6
265 2
307 30
299 30
289 30
269 26
182 53
363 26
337 16
338 3
320 1
312 2
332 1
347 1
357 1
367 1
377 9
388 7
175 49
224 20
228 12
