118
70 354
232 359
232 285
200 301
367 296
368 359
427 293
449 253
401 234
461 196
488 226
125 267
8 208
27 231
41 226
43 210
60 208
69 220
90 204
69 192
55 186
49 189
42 185
37 198
19 196
20 187
13 184
14 193
3 186
26 185
74 183
110 201
111 214
209 212
223 198
255 192
266 193
271 206
276 186
293 198
290 189
306 207
318 195
309 184
313 175
323 176
337 175
360 188
362 175
382 182
342 197
392 175
384 172
310 171
325 160
317 162
298 166
290 166
287 172
287 162
289 159
282 161
270 167
259 167
251 166
240 190
240 171
235 171
230 169
233 164
221 194
214 172
218 172
201 171
198 173
193 194
193 203
194 210
181 203
176 204
420 168
425 168
421 155
475 158
455 167
443 165
444 147
452 145
452 141
422 159
505 170
499 162
508 152
496 153
490 153
149 218
127 223
119 209
162 212
165 181
125 178
150 201
403 168
396 171
71 213
16 185
225 192
247 190
215 179
209 172
262 166
276 165
282 165
283 170
189 194
184 183
169 172
151 180
