277
365 309
508 221
447 262
426 217
490 184
371 145
319 162
288 142
255 139
266 162
239 247
195 238
187 222
121 166
109 161
28 157
10 142
101 126
101 111
103 106
90 107
67 91
66 78
68 74
50 76
69 63
58 64
81 47
74 44
91 42
108 47
103 42
111 39
102 34
109 58
127 65
124 93
111 90
128 122
126 75
120 37
127 36
124 29
128 22
124 20
128 14
125 7
127 5
119 18
122 14
119 9
119 5
115 11
121 24
117 34
114 25
109 31
103 25
114 21
112 14
109 15
104 19
101 14
111 8
114 4
112 1
108 4
101 3
94 9
94 3
92 1
91 17
88 12
92 23
90 29
82 24
84 37
75 33
68 34
63 43
33 106
1 105
1 92
30 70
15 81
21 58
3 50
1 34
6 35
23 43
30 42
33 35
37 37
40 29
38 27
29 33
25 25
20 30
13 26
1 24
1 3
6 4
1 17
14 14
10 17
13 10
13 3
23 5
19 4
20 11
27 9
32 13
33 11
40 15
40 10
47 14
45 23
42 17
54 25
46 30
58 28
64 22
56 17
62 10
54 4
49 9
48 7
48 3
36 1
29 1
62 1
66 1
62 5
78 2
72 1
75 7
72 14
82 11
81 28
70 21
71 14
66 15
80 32
138 43
139 31
134 27
135 20
141 21
145 28
151 15
154 12
146 3
140 1
136 4
132 9
129 5
137 10
137 7
140 14
136 16
165 1
164 2
145 9
143 5
156 3
151 4
168 48
160 45
151 48
143 47
146 62
135 55
128 53
180 73
144 99
146 115
138 121
172 120
184 112
208 90
208 126
224 73
213 67
206 58
201 57
189 54
187 62
183 61
184 47
203 46
204 37
216 38
215 48
236 47
232 44
253 39
261 61
263 51
266 52
275 35
271 78
289 68
291 42
300 53
285 51
303 61
318 66
312 76
303 74
311 88
319 87
339 108
341 129
292 128
334 55
324 48
327 42
329 35
314 38
312 33
337 42
335 47
340 38
346 42
358 40
367 43
377 38
383 47
377 43
378 54
372 53
358 51
350 53
350 60
386 71
377 66
362 76
367 70
355 78
351 70
324 56
397 60
420 57
413 60
405 68
420 76
410 72
440 66
432 66
449 68
424 88
415 119
427 117
429 137
445 105
468 77
477 79
482 95
494 106
502 93
505 72
506 64
492 64
465 63
511 80
511 66
507 122
509 136
471 142
448 150
370 119
359 96
391 92
385 84
390 55
1 14
5 11
