84
38 118
73 175
116 133
149 346
182 379
275 280
251 238
286 217
272 134
328 133
346 71
355 49
370 41
218 55
199 26
284 30
274 55
250 53
235 53
310 44
358 26
412 44
426 101
481 112
134 27
110 26
158 5
77 85
89 59
71 53
88 47
29 38
18 26
435 8
450 5
80 17
104 82
40 7
5 56
69 40
66 29
306 30
191 12
212 14
415 90
169 23
164 18
170 12
180 12
13 7
242 237
45 330
65 17
60 9
88 7
100 9
114 3
128 5
145 2
142 16
190 1
204 1
240 15
217 5
255 12
272 8
99 29
95 18
93 33
18 43
455 58
507 61
510 9
316 2
304 23
210 59
195 43
148 23
144 82
182 36
166 37
3 94
393 72
92 107
