70
16 274
49 270
60 285
67 270
94 293
89 270
293 320
104 256
96 253
109 264
123 263
120 246
192 237
171 269
190 286
221 268
252 260
281 258
305 258
304 240
285 240
254 240
251 228
245 228
363 283
346 274
486 264
393 228
378 225
372 239
356 226
324 227
316 237
343 202
435 208
441 210
456 210
463 211
445 240
438 240
412 242
270 228
399 203
387 208
386 219
412 195
459 196
325 208
296 238
27 381
119 239
163 261
200 242
206 231
184 243
186 236
226 267
212 275
240 266
247 266
333 209
279 222
371 195
382 188
397 188
411 180
390 186
393 186
405 186
510 262
