144
3 334
497 376
360 348
494 260
63 355
123 354
156 369
218 347
210 333
160 334
112 334
72 320
34 308
27 281
51 272
9 234
46 227
113 260
169 272
206 250
233 256
87 296
13 205
33 202
144 211
168 227
287 239
305 231
166 201
154 39
105 116
90 119
114 122
125 137
75 140
65 136
42 141
53 147
44 162
36 163
37 171
11 170
1 164
9 186
2 224
86 178
117 178
123 173
154 111
169 98
173 68
174 57
184 67
196 52
178 79
175 109
169 127
157 136
139 163
138 187
127 189
171 175
152 170
179 144
188 170
206 178
248 178
205 120
196 114
213 120
228 108
229 127
239 123
243 108
255 104
277 91
297 59
303 85
307 96
302 101
267 116
253 124
244 134
239 139
244 147
257 143
272 148
288 139
297 135
303 120
287 165
288 184
295 192
164 33
209 13
218 14
249 18
241 18
230 24
222 22
318 47
329 54
336 41
318 83
330 129
205 21
340 165
334 170
319 164
322 177
351 176
365 159
365 146
346 132
340 101
392 102
407 105
399 172
392 175
437 168
489 182
475 182
490 168
479 147
445 121
475 105
501 98
391 35
409 31
405 47
400 48
440 38
455 39
455 11
464 15
488 2
484 17
474 24
476 47
493 42
507 1
453 74
468 78
408 2
