202
167 373
381 267
445 261
483 190
127 309
84 287
144 231
202 258
259 280
331 204
395 142
249 223
215 225
210 199
117 208
153 201
369 154
356 146
258 152
25 169
40 183
61 178
130 141
99 145
70 138
52 144
37 108
106 124
124 126
135 111
122 87
108 87
80 90
38 84
56 84
3 16
10 16
15 15
19 15
20 12
27 11
40 13
51 15
55 11
65 12
82 8
9 34
15 24
15 36
19 55
23 50
30 49
25 59
16 71
8 88
25 74
33 66
28 63
36 72
43 73
53 65
63 64
63 54
59 55
51 58
43 37
55 46
70 55
79 51
73 51
76 53
87 61
78 67
78 29
73 32
96 21
89 28
91 32
93 32
99 31
103 30
109 26
131 31
113 47
108 52
94 41
86 38
88 37
96 54
100 58
94 61
114 58
119 56
121 52
134 52
127 64
132 63
130 85
184 147
203 142
136 5
157 34
145 32
139 64
150 64
144 78
152 81
156 82
158 89
150 89
149 103
163 87
179 83
182 94
196 96
210 103
240 93
252 95
229 80
217 80
208 79
139 48
139 36
171 84
239 77
257 82
249 67
228 48
238 48
236 36
253 14
247 18
271 15
281 15
284 19
276 17
262 36
268 31
251 44
280 37
275 36
290 25
286 35
306 23
295 29
292 36
308 29
324 11
336 36
323 37
308 48
314 71
290 72
284 70
267 72
314 100
306 110
333 90
324 86
507 75
490 74
364 112
365 89
360 42
362 28
354 29
391 28
392 45
377 63
417 51
410 56
412 26
428 46
405 25
407 26
435 34
446 50
403 53
365 2
362 10
378 5
371 13
380 18
386 12
415 6
418 7
426 11
436 1
454 9
458 6
434 13
464 14
462 22
472 11
482 8
498 9
497 21
491 6
458 54
397 11
396 2
332 16
