209
86 566
384 431
510 502
538 540
403 396
435 376
438 351
255 336
344 264
368 249
392 266
333 226
14 184
1 186
2 146
4 133
45 150
34 176
35 183
63 201
59 211
74 192
89 209
69 187
61 171
59 156
79 161
72 152
63 143
152 118
167 188
153 184
154 179
137 181
121 183
96 180
186 196
179 187
190 202
208 192
199 180
188 164
136 161
125 156
135 150
137 132
127 131
92 145
140 117
146 119
206 164
196 156
197 152
200 142
187 145
214 178
213 171
221 160
213 161
212 155
219 151
222 154
214 156
227 135
203 128
198 129
248 180
230 190
283 180
324 184
336 184
359 181
377 180
371 155
373 150
353 151
355 149
57 146
402 181
423 172
431 175
429 156
420 161
412 154
410 140
437 151
434 155
444 149
452 165
441 165
426 151
459 176
455 172
459 165
455 157
450 156
466 149
467 141
477 151
487 153
483 146
488 144
498 154
503 149
470 169
509 162
492 203
520 157
523 151
518 146
508 149
517 151
515 137
516 141
508 136
500 132
496 139
500 139
495 136
494 134
489 140
532 149
533 143
547 153
554 146
550 147
561 150
561 133
538 136
542 131
538 130
535 126
535 133
519 131
514 122
536 154
589 152
572 149
553 128
552 123
545 124
539 113
552 118
560 119
567 117
564 111
553 112
582 123
571 119
580 113
584 119
486 143
601 150
597 144
602 138
599 132
608 136
594 130
617 140
619 159
602 169
642 163
648 166
651 157
655 154
662 155
652 141
634 139
617 135
603 121
608 120
675 111
683 112
683 140
677 143
675 136
666 137
661 194
665 204
702 143
698 129
695 120
548 164
748 233
466 215
298 179
397 147
396 162
390 166
385 159
402 158
389 142
386 133
381 134
397 126
343 152
399 155
401 129
398 174
462 156
454 152
438 156
436 179
664 115
681 159
436 124
425 120
423 121
421 120
