362
92 354
137 308
85 276
255 363
329 294
386 310
439 258
24 223
10 154
5 134
19 131
65 154
42 138
75 145
62 138
66 125
51 120
40 123
54 110
65 99
42 96
44 84
26 94
20 79
7 82
1 91
19 103
94 121
101 117
101 110
108 116
97 159
125 164
146 156
154 143
176 132
164 113
168 98
153 101
143 113
134 113
122 99
232 155
233 138
232 124
221 116
238 103
228 90
238 78
194 122
201 94
198 103
192 98
206 152
265 176
283 154
266 120
270 98
286 97
293 113
306 91
326 94
322 108
329 123
341 113
358 94
366 113
385 106
370 88
387 96
367 98
384 78
405 81
413 84
415 77
339 145
323 155
307 164
330 219
378 200
379 149
401 132
408 122
387 122
399 108
410 108
412 97
442 118
437 104
447 83
450 75
470 92
495 80
493 147
457 133
433 142
19 116
52 78
55 71
60 84
67 82
72 87
84 98
81 88
91 73
102 82
111 77
103 74
111 62
126 69
135 76
141 67
149 72
120 113
157 66
163 68
160 76
171 78
165 79
179 79
185 73
176 61
183 56
160 55
168 50
190 47
201 46
190 57
189 65
195 67
194 77
197 85
219 89
217 74
205 66
210 58
208 52
210 44
217 42
226 41
218 52
222 57
229 65
238 63
243 70
247 78
223 68
211 71
257 76
265 74
280 81
295 68
299 62
287 62
261 62
266 57
257 54
260 47
247 56
247 49
239 47
241 38
237 39
250 30
251 21
234 29
256 21
260 21
263 32
255 28
255 36
267 40
272 34
274 23
278 20
285 23
283 31
287 29
289 19
295 30
298 24
301 21
292 25
295 24
293 33
289 39
283 41
281 38
289 45
293 49
294 41
306 37
301 41
305 22
311 21
317 21
315 43
323 43
322 35
324 28
326 26
328 55
332 48
333 39
330 38
327 39
314 63
320 61
309 53
311 47
310 43
310 72
326 80
345 83
342 66
345 56
345 42
350 37
345 32
341 36
335 24
342 22
346 25
358 64
359 47
370 45
369 37
361 27
379 31
357 21
386 11
384 25
380 27
379 78
384 67
381 60
374 63
371 66
370 55
377 46
378 41
383 36
384 41
390 48
397 68
404 59
400 53
405 68
410 63
414 56
403 41
397 39
397 32
419 38
415 42
411 44
427 33
428 27
429 40
426 44
432 58
423 56
422 67
407 12
415 12
423 10
463 54
468 49
475 57
469 74
483 70
499 74
489 47
483 44
489 19
497 17
244 19
242 14
248 12
245 12
256 15
257 19
261 16
263 11
265 9
264 7
265 2
262 3
261 1
257 1
256 2
254 7
257 7
268 16
271 9
268 6
271 5
272 2
277 4
279 1
282 2
280 7
280 17
282 11
284 12
284 7
288 7
287 4
294 6
294 2
291 1
293 16
298 19
299 8
305 5
300 3
304 1
308 3
311 3
314 1
317 4
320 1
326 4
318 8
313 10
312 16
315 16
333 12
330 3
297 12
272 13
348 7
401 10
439 10
442 17
452 15
452 9
457 13
466 11
471 15
474 16
473 9
505 10
507 16
504 1
510 1
492 46
335 16
325 14
305 16
309 13
335 9
335 2
343 3
265 15
239 30
502 74
485 110
477 86
436 92
446 38
454 32
