101
8 331
14 362
491 352
483 353
498 339
491 330
488 340
478 343
456 358
438 326
431 323
431 306
387 299
382 305
375 294
420 338
415 338
412 327
404 327
409 342
400 348
392 347
385 348
378 348
369 349
362 348
360 347
345 349
324 329
307 332
311 332
318 319
311 322
306 319
301 319
297 320
294 322
309 294
309 289
328 292
339 292
330 327
334 317
337 319
347 317
349 316
365 317
372 317
376 320
377 326
383 325
392 325
134 380
119 380
120 370
130 358
150 361
186 378
187 360
179 357
196 333
191 335
29 377
44 375
63 370
82 380
93 375
99 371
119 361
117 329
110 330
116 320
108 320
99 320
96 329
107 352
106 362
121 355
126 340
94 353
79 340
73 342
65 348
36 339
59 320
46 320
38 317
27 319
23 318
8 312
1 318
22 311
24 306
24 309
30 309
32 307
34 312
39 309
60 308
56 307
434 359
