69
9 180
7 169
164 280
81 284
64 290
58 277
21 213
45 185
68 198
90 191
100 194
90 244
121 238
174 240
178 224
176 212
140 200
134 193
122 192
74 154
63 150
42 148
35 144
24 144
15 144
136 186
148 190
164 186
173 196
186 205
199 215
200 200
221 201
232 199
245 213
239 216
253 206
239 308
284 292
274 264
273 216
282 217
293 218
311 217
325 215
344 209
359 218
341 240
367 225
377 227
390 216
394 240
374 243
367 271
350 301
337 315
411 229
419 229
431 237
440 230
449 237
468 234
485 235
488 271
467 371
371 331
180 337
15 347
33 336
