234
86 361
17 357
37 291
146 295
241 248
427 398
762 408
752 259
679 226
684 186
67 202
31 227
22 123
234 190
336 197
327 164
345 163
400 125
441 155
472 160
490 162
722 148
15 88
28 102
36 93
20 64
49 73
62 52
47 52
75 52
105 75
135 108
133 95
169 87
150 68
133 65
98 36
110 38
84 40
125 31
167 53
185 45
219 62
208 56
10 31
20 19
15 12
1 12
23 36
53 36
49 22
31 17
41 12
59 12
71 14
71 25
83 6
92 12
75 11
102 2
115 6
141 27
150 47
149 29
158 33
167 41
172 29
182 34
177 21
199 29
213 32
224 22
242 19
256 34
268 61
279 64
268 30
294 38
309 38
336 51
365 74
134 1
141 1
155 3
145 18
181 20
196 4
200 1
178 10
172 3
155 18
163 24
134 8
142 9
521 132
492 120
591 112
616 99
637 107
708 86
762 73
736 62
287 177
746 69
747 43
720 51
712 42
761 3
737 3
722 10
720 19
654 113
724 2
711 25
706 37
698 45
695 31
704 17
675 5
680 9
675 27
677 61
660 59
657 94
642 86
674 46
680 37
652 32
653 46
630 27
640 15
642 4
654 6
624 12
627 5
610 8
592 1
582 4
603 29
620 33
622 51
633 44
610 81
628 75
611 70
599 72
586 75
587 47
416 77
424 81
444 79
470 60
498 62
523 51
557 40
575 33
571 13
563 8
559 18
553 17
559 29
542 30
541 47
540 36
537 16
541 12
522 3
521 10
522 32
522 20
503 27
494 45
461 43
451 58
447 47
449 38
435 31
445 11
456 12
462 8
483 18
490 17
481 11
479 4
490 5
493 2
505 9
419 6
382 46
410 38
402 26
413 17
396 21
391 26
363 35
341 41
345 36
322 47
319 37
323 5
292 6
285 5
273 15
347 5
370 1
383 10
391 14
220 9
243 10
258 12
258 2
146 6
329 4
241 3
392 10
409 14
499 2
302 10
353 37
108 23
86 22
93 26
47 39
110 17
137 17
126 4
198 19
206 14
215 3
221 2
330 45
398 18
334 4
693 1
