129
237 283
285 318
320 331
338 353
357 293
368 373
394 382
453 339
87 252
85 265
98 270
111 287
128 296
144 309
288 201
250 200
286 186
350 177
365 165
391 162
461 166
418 108
397 117
375 121
365 127
147 201
168 189
179 175
152 182
137 182
128 175
140 170
163 161
167 148
184 143
196 137
206 158
255 159
267 144
248 140
226 119
217 87
176 106
155 110
54 175
79 167
93 173
90 144
51 152
46 116
315 108
332 122
122 133
99 128
130 93
116 107
112 97
108 103
104 102
100 108
95 97
92 88
117 88
62 105
58 103
67 98
72 99
72 90
76 79
44 106
36 106
31 104
45 99
35 94
33 99
61 91
56 83
52 84
79 100
82 86
74 86
60 85
62 78
39 82
33 76
47 72
40 76
43 87
334 157
324 148
320 130
297 133
291 117
272 114
256 90
258 81
263 79
243 75
230 75
262 43
272 42
278 41
283 41
285 77
303 75
305 88
296 91
323 102
331 98
363 105
404 82
396 65
399 56
408 60
490 119
498 119
497 105
475 102
464 102
469 95
502 89
509 89
502 68
498 72
179 73
59 116
71 112
79 114
42 69
