80
310 174
351 181
362 159
368 145
151 196
158 179
225 147
173 114
157 104
140 83
122 105
116 117
105 95
92 128
79 113
66 95
45 119
18 117
23 128
13 130
15 153
18 170
35 91
44 72
16 67
47 36
39 28
56 32
69 21
81 27
69 42
106 46
147 74
395 96
368 106
448 95
492 132
497 113
510 130
495 207
485 173
496 162
491 29
475 4
459 4
451 14
434 11
438 24
448 29
455 30
449 41
429 41
426 92
480 156
376 28
399 34
393 20
406 17
420 7
393 4
371 12
107 33
165 8
74 62
46 55
29 40
63 90
137 49
155 70
181 98
175 172
188 160
456 7
372 21
408 94
426 108
442 85
445 4
485 14
414 16
