92
435 338
271 357
150 373
188 177
207 148
237 161
83 115
92 98
327 94
358 119
482 144
468 92
457 46
458 21
297 35
314 2
341 2
351 15
369 3
379 24
344 34
369 56
393 84
412 59
424 34
439 20
442 13
421 18
405 22
406 8
220 7
197 8
180 10
179 24
160 14
156 3
146 9
138 5
125 5
117 5
119 13
159 28
162 50
173 68
147 59
125 63
69 87
55 84
80 77
80 55
89 52
108 45
98 38
111 63
12 70
1 25
31 34
35 28
52 45
52 30
66 33
69 43
86 13
74 13
105 24
110 11
2 13
3 20
37 5
45 12
46 4
54 3
58 2
78 4
85 5
9 302
19 35
35 3
14 1
81 17
98 14
42 50
14 58
47 208
103 187
55 122
419 122
441 50
425 45
392 54
307 90
277 34
