152
241 272
406 226
344 232
342 158
366 135
367 121
465 97
435 97
490 107
532 169
496 158
489 222
477 257
546 238
576 186
596 159
568 142
560 116
547 127
609 105
648 132
667 110
701 128
729 130
704 168
720 210
764 200
721 90
705 78
669 88
639 88
642 72
651 60
627 50
598 56
587 95
572 84
545 71
560 50
515 88
519 68
491 67
470 71
455 81
430 58
443 43
452 44
466 29
479 30
486 26
479 20
464 20
439 26
441 21
440 11
454 6
427 41
429 22
405 42
409 23
404 17
399 11
395 13
392 8
383 9
380 11
375 15
375 20
368 20
363 11
356 13
347 11
420 8
406 3
519 42
533 42
539 32
515 32
521 17
529 17
542 15
555 16
562 12
584 11
583 24
581 20
606 16
616 15
628 17
628 35
607 5
577 3
489 5
499 1
649 35
665 13
685 17
686 6
678 4
704 9
706 22
714 32
722 42
739 35
759 16
764 22
737 14
760 1
183 22
187 15
191 16
202 22
210 19
220 18
214 8
218 6
213 2
203 2
200 2
202 10
202 6
192 10
190 7
190 3
193 2
180 4
181 1
177 2
173 4
161 1
158 6
155 6
151 9
151 2
143 19
136 21
145 21
152 22
221 9
220 2
158 16
162 13
169 11
167 16
173 22
164 24
181 13
175 11
185 9
153 15
163 3
138 17
