98
168 344
126 288
87 373
25 262
1 255
52 242
97 240
114 236
132 227
142 226
146 216
167 227
314 194
413 236
464 253
456 157
439 161
409 172
428 187
383 139
388 121
335 112
320 121
334 104
345 100
274 130
262 147
253 150
238 155
239 142
319 55
302 61
269 64
254 120
238 119
226 109
206 113
203 106
188 100
187 124
218 122
141 153
99 155
100 189
74 127
49 110
72 102
87 107
94 104
97 100
97 127
114 109
128 107
133 107
144 107
147 102
153 113
170 71
181 55
183 62
201 67
210 65
203 50
206 48
245 50
259 58
256 54
260 55
344 54
334 54
344 24
359 24
364 24
356 29
442 154
18 105
248 69
264 65
287 56
291 56
269 56
273 56
150 65
159 65
210 50
206 69
190 68
191 67
228 59
116 156
390 223
392 119
416 167
419 166
425 151
426 146
422 143
249 55
