282
125 435
236 295
215 278
335 341
370 461
360 298
506 309
471 532
616 394
624 427
707 363
585 301
604 330
613 275
576 250
634 237
644 220
675 243
732 307
766 326
482 271
484 240
511 220
437 217
499 213
227 209
127 146
143 144
205 183
215 169
233 161
270 174
333 169
221 136
285 161
285 136
275 136
340 128
286 111
289 102
292 93
266 110
256 104
254 96
214 128
203 104
181 86
172 79
156 86
145 78
93 95
91 67
80 64
110 80
125 81
104 49
83 37
88 40
78 26
91 34
95 33
99 27
110 37
113 31
110 27
144 29
163 45
166 73
158 76
138 79
199 47
204 48
201 63
206 83
227 73
239 59
256 55
272 43
264 17
289 17
292 14
283 54
285 47
305 92
320 71
313 59
316 59
318 55
325 57
346 65
354 29
342 33
356 33
337 74
353 102
372 66
374 60
375 79
383 83
391 77
387 109
391 123
397 125
396 136
412 135
414 118
399 106
402 68
405 73
411 64
421 76
427 84
427 161
436 149
448 106
462 121
460 93
466 77
468 87
468 145
468 134
460 164
489 187
512 129
548 158
494 116
490 111
484 95
474 95
492 78
502 86
505 83
508 80
510 97
518 116
538 124
578 135
588 126
594 137
593 131
612 135
612 110
626 115
633 143
657 143
650 138
637 105
626 96
674 115
661 109
689 143
701 145
708 150
707 113
690 135
757 132
728 120
715 110
701 100
696 102
688 104
684 107
680 92
687 90
666 77
670 79
629 89
687 79
690 81
701 68
706 70
719 74
702 88
720 102
734 108
731 100
732 87
721 86
431 64
424 58
415 58
437 66
468 73
694 92
766 100
34 58
59 41
64 40
434 48
405 55
403 50
410 51
422 52
429 54
448 48
439 43
443 44
472 49
493 57
502 59
498 69
505 74
509 71
516 72
523 71
518 61
517 56
510 48
494 45
411 60
454 32
450 32
445 30
423 36
409 33
413 33
415 34
417 34
422 33
421 36
426 37
425 33
432 37
433 41
428 42
435 42
445 23
442 22
434 28
439 29
402 25
405 28
420 30
442 37
407 29
409 29
412 30
412 31
413 32
443 40
440 38
451 43
414 29
416 29
418 29
418 31
412 27
484 45
479 41
481 39
482 40
477 39
504 45
486 31
476 32
488 39
508 44
512 45
509 36
509 39
516 50
409 21
405 21
508 47
376 33
618 94
594 53
592 49
579 49
651 60
230 190
150 80
204 58
391 70
503 34
662 146
729 113
535 179
534 179
717 88
734 94
716 97
