89
54 157
63 163
7 340
16 296
27 273
21 230
81 206
252 296
241 283
273 271
31 115
192 133
174 143
123 161
82 172
89 170
69 154
230 143
219 135
225 130
250 152
263 152
251 140
247 126
267 123
236 109
302 113
127 76
130 57
144 62
153 22
168 38
180 38
167 59
206 22
204 10
169 10
164 13
181 2
356 191
351 172
333 158
306 154
314 140
313 114
320 116
325 113
341 111
359 125
364 128
347 142
372 140
397 130
392 119
387 109
384 92
398 98
410 105
406 113
406 120
400 112
419 124
405 145
431 139
429 128
426 111
426 95
434 109
422 106
446 105
441 132
453 133
452 159
463 180
476 182
439 204
412 195
467 244
499 125
500 113
459 85
460 98
487 99
474 83
478 81
505 85
511 134
508 269
510 120
