105
618 311
673 340
626 282
615 203
524 260
417 273
325 295
292 406
212 401
153 322
32 367
66 252
65 222
18 225
150 254
197 225
199 209
243 193
304 248
286 258
352 245
371 246
387 206
339 192
456 199
429 162
717 206
735 183
703 139
717 109
689 115
648 127
629 142
630 129
607 131
582 128
548 128
520 118
6 178
25 156
28 171
44 188
32 185
45 163
62 170
78 154
100 163
89 168
117 155
139 148
145 147
175 139
169 133
171 156
193 165
216 174
222 188
197 139
206 141
219 144
227 139
243 136
258 139
273 133
289 138
319 129
319 121
319 121
359 125
372 119
347 123
439 151
413 119
465 106
472 116
484 108
503 98
529 104
535 112
551 106
569 101
591 92
600 101
615 99
611 91
637 93
644 87
653 90
661 98
500 116
500 116
393 120
685 83
695 96
721 94
714 86
712 76
737 76
759 79
760 70
737 111
54 155
2 162
88 157
433 102
