95
30 302
108 129
68 129
142 142
198 225
149 210
141 296
124 343
216 317
256 248
283 212
245 190
234 155
217 169
300 140
352 176
378 147
423 170
460 174
426 224
448 280
506 266
449 121
429 104
380 117
340 118
345 96
356 80
324 67
285 74
271 127
251 112
215 95
234 67
175 117
181 91
143 89
115 95
94 108
62 78
79 58
91 59
109 39
127 41
137 35
127 27
107 26
73 35
77 28
74 15
94 8
58 55
60 30
28 56
33 31
27 22
21 15
15 18
11 10
49 10
29 4
180 56
198 56
207 43
175 43
183 23
193 22
211 20
229 21
237 16
267 15
266 32
263 27
297 21
309 20
325 23
325 46
297 7
257 4
140 7
154 1
353 47
375 17
402 23
403 8
393 5
427 12
429 30
440 43
451 56
474 47
500 22
507 29
471 18
501 2
