77
288 379
267 377
237 371
310 346
330 354
258 363
208 366
169 357
159 333
139 355
123 344
149 354
133 297
85 342
62 348
79 327
57 320
21 322
58 337
23 312
11 313
179 293
192 293
192 271
222 291
225 370
200 249
187 252
178 255
169 253
204 241
252 259
275 285
292 293
295 268
308 295
288 249
296 247
286 240
280 242
265 241
249 231
251 243
330 249
320 244
347 283
359 282
341 284
326 317
381 283
399 283
418 279
413 271
417 265
401 270
394 269
437 289
441 281
453 279
420 337
404 327
470 299
485 298
481 282
502 281
506 252
500 250
497 241
479 245
482 242
476 239
433 231
440 234
490 231
461 329
453 356
480 369
