73
60 368
104 331
134 364
130 318
129 282
183 261
191 236
230 204
267 197
305 271
328 256
351 196
433 196
422 204
466 156
488 169
290 131
296 122
305 124
318 120
325 128
337 122
338 133
355 133
366 107
377 103
356 91
351 80
341 87
324 88
298 100
307 109
290 113
380 83
382 73
404 72
421 58
428 67
446 100
476 81
504 80
501 52
495 54
477 55
471 50
446 59
439 54
439 49
453 54
447 43
454 36
458 44
467 32
463 27
478 22
466 8
473 6
474 1
481 16
479 10
483 3
489 9
492 16
501 8
497 4
503 1
511 26
510 16
489 34
479 32
472 27
439 65
393 85
