88
54 193
32 173
6 232
31 282
88 209
136 217
130 204
119 161
154 158
40 110
31 101
57 94
422 383
455 355
465 323
474 302
365 314
325 295
463 219
499 286
372 147
404 151
412 167
362 198
502 173
511 172
73 71
161 94
190 115
201 117
210 110
216 100
213 84
210 90
236 80
238 94
236 102
234 123
244 137
235 171
249 194
261 162
266 140
278 150
303 159
292 93
270 85
78 53
88 49
57 31
24 90
125 79
225 49
237 48
239 42
234 33
231 31
239 32
241 31
357 71
375 66
393 76
368 81
347 99
346 124
357 118
369 100
386 100
394 105
434 139
465 136
457 100
442 92
426 78
439 60
448 64
457 66
462 66
466 47
471 49
467 56
504 43
499 59
489 71
491 83
484 108
507 132
502 73
