115
297 315
383 299
199 205
137 219
112 155
383 133
252 108
236 104
227 95
204 97
170 108
139 89
123 91
128 84
84 95
57 90
76 81
115 91
149 84
133 79
202 85
205 73
227 74
247 69
295 75
312 76
323 83
334 91
343 72
353 66
381 73
394 66
358 121
473 123
136 62
195 60
234 49
252 44
254 57
273 61
273 47
280 65
326 64
383 46
399 51
407 54
410 46
421 57
398 41
359 46
316 38
334 38
348 48
360 32
355 24
341 27
337 21
339 31
369 23
361 20
386 25
394 20
374 11
390 11
395 10
380 23
401 13
402 9
405 9
410 14
412 11
426 6
429 13
415 5
410 5
438 10
441 37
453 32
449 21
431 52
449 45
455 50
459 40
458 62
468 20
464 18
472 48
469 42
479 34
497 55
476 26
484 24
506 23
488 186
474 13
447 10
461 10
491 6
504 4
438 2
443 2
430 4
420 4
457 5
478 4
485 3
481 5
495 14
499 4
387 5
342 12
365 14
325 13
467 2
458 1
