90
740 423
231 473
98 400
88 223
53 189
14 100
21 87
49 99
27 105
79 108
76 96
97 102
107 92
136 100
150 94
176 98
195 105
208 118
207 153
207 193
181 202
157 231
253 151
296 174
252 233
302 216
409 209
399 226
387 193
390 150
437 133
480 146
473 239
493 231
359 153
361 120
426 93
433 78
409 80
436 47
455 42
449 17
459 16
502 52
483 54
465 43
471 44
409 46
402 67
426 61
454 97
467 92
476 109
515 115
523 104
580 100
578 143
555 249
610 187
642 175
625 147
626 133
630 120
672 96
638 91
631 81
631 47
651 54
666 59
657 85
669 80
674 83
668 89
628 246
674 256
669 305
646 329
718 296
750 304
756 384
700 67
728 55
706 59
691 88
705 114
733 104
751 103
759 100
766 114
681 85
