82
84 322
212 276
258 258
309 231
422 271
448 237
496 224
481 122
9 208
12 142
44 152
17 87
60 67
63 49
55 32
71 27
55 8
72 8
90 44
117 36
124 23
98 18
102 36
156 36
175 23
196 23
180 4
224 50
179 67
158 100
117 106
71 108
88 132
169 122
194 151
231 151
248 125
281 114
310 121
327 151
287 149
383 164
395 151
423 123
352 70
363 40
234 37
239 23
248 21
287 25
258 19
266 17
335 46
292 51
297 74
278 89
320 70
343 15
369 21
365 13
399 14
408 17
432 5
436 24
442 33
455 23
421 1
229 7
234 4
271 4
296 1
319 5
308 8
312 6
327 2
337 3
280 69
115 1
504 4
194 7
190 16
195 16
