304
48 469
2 366
6 293
102 304
181 339
91 196
46 194
1 202
21 140
159 181
157 126
169 149
189 126
230 137
231 172
260 194
292 252
357 325
409 350
404 284
489 367
486 293
536 308
544 262
660 376
745 365
728 332
757 242
732 225
740 254
714 245
736 200
725 196
705 190
700 185
735 167
730 155
724 144
734 133
721 126
715 116
715 98
715 92
728 52
697 52
663 100
642 139
648 166
592 232
578 180
529 148
504 147
534 133
491 124
451 225
401 206
374 186
341 185
321 168
296 146
276 124
418 154
390 141
386 126
353 131
354 111
363 107
315 87
310 95
435 109
421 95
448 77
11 107
2 128
1 107
1 70
8 64
17 74
12 70
32 87
30 70
25 66
28 57
25 53
40 58
43 74
54 97
61 89
70 74
62 65
58 51
66 61
73 50
81 48
86 52
93 60
104 81
113 66
111 44
93 43
104 43
116 47
136 56
129 75
131 67
147 79
162 76
182 93
131 44
139 47
134 40
126 35
146 34
149 37
164 41
165 47
158 30
167 30
172 35
178 32
187 48
199 51
191 39
174 46
206 75
196 85
223 70
223 94
232 84
239 86
241 75
246 60
214 48
207 48
207 37
279 77
236 120
228 121
377 96
350 77
362 48
355 53
346 38
324 44
322 47
299 34
280 38
201 28
190 24
192 32
213 33
214 25
209 28
218 26
224 19
226 22
236 24
234 20
239 21
236 17
246 19
246 14
256 20
263 14
269 14
271 19
288 19
283 12
280 11
289 9
293 14
306 19
311 24
299 29
321 28
300 12
299 7
298 1
305 4
310 2
315 7
323 5
316 1
334 9
336 25
342 25
354 37
361 37
371 47
377 46
373 39
387 87
405 78
424 55
445 65
475 76
477 89
481 98
485 34
482 20
468 20
465 16
444 17
445 41
455 36
449 27
428 32
420 19
426 14
415 14
410 25
416 32
401 30
393 32
397 19
379 19
359 17
366 13
351 5
347 3
366 1
373 7
376 6
382 7
396 3
338 1
335 2
356 1
384 1
389 3
493 10
505 4
502 1
508 6
511 12
530 30
531 17
534 11
528 5
521 2
537 2
516 1
550 11
551 5
556 4
564 6
576 4
579 6
574 51
525 55
580 84
577 65
579 130
572 130
572 149
552 160
581 158
581 17
370 99
362 5
312 9
306 8
294 5
225 26
602 127
592 73
585 64
633 70
627 67
687 48
680 47
686 40
687 33
648 35
642 47
619 15
614 15
587 11
599 21
621 10
636 10
639 11
646 20
648 24
652 24
663 27
675 18
672 14
674 14
664 14
683 38
705 88
705 73
719 106
723 172
186 28
572 85
568 98
581 93
523 82
583 74
669 25
710 108
230 47
