107
675 399
372 380
357 314
529 294
725 191
759 82
754 73
744 66
762 25
752 21
55 499
138 304
72 294
42 257
72 190
42 143
64 126
27 123
144 110
162 119
178 126
195 123
210 155
173 81
186 76
70 103
65 84
87 78
125 54
147 58
186 37
197 44
195 37
205 35
217 44
233 43
261 43
283 44
289 49
308 39
314 37
310 60
344 79
379 59
354 27
390 8
380 3
404 33
447 34
463 31
475 31
500 25
519 31
552 60
552 43
583 31
578 30
573 24
574 5
561 11
598 14
615 31
619 20
624 5
663 62
681 52
675 88
714 99
718 73
544 81
512 81
486 75
475 95
509 109
440 84
422 85
388 124
378 119
169 46
684 14
704 7
740 7
745 9
756 6
748 2
637 1
183 9
227 43
251 39
245 41
135 100
138 89
107 102
90 106
81 103
450 53
426 38
385 12
440 1
373 1
344 5
541 56
718 1
731 1
722 3
599 2
481 1
