65
429 354
470 357
433 303
416 281
390 272
357 280
339 305
324 323
284 334
300 288
323 261
289 256
213 345
231 321
184 336
162 320
122 321
103 329
107 351
9 370
3 353
34 339
36 294
17 292
4 293
79 314
113 305
91 285
101 266
144 260
187 267
220 255
244 247
254 247
365 229
378 233
385 224
410 229
357 207
347 216
266 225
259 234
224 243
172 233
138 253
151 253
109 244
124 221
108 210
73 231
52 216
55 240
40 269
56 278
20 257
21 364
110 318
145 218
162 211
139 210
177 207
197 211
213 203
226 210
240 213
