151
110 280
161 287
205 261
235 273
75 179
2 184
105 131
453 347
485 142
508 108
492 114
319 134
361 98
375 97
386 123
412 126
396 98
387 51
391 66
400 57
394 47
424 77
413 38
434 28
487 80
466 73
431 56
438 35
446 31
469 39
485 52
490 42
510 51
507 30
502 21
508 17
491 28
483 22
487 19
492 11
487 7
463 7
438 20
426 10
419 8
377 25
356 20
345 18
342 8
351 4
330 15
328 24
316 31
312 40
309 14
311 2
388 10
394 14
410 4
433 3
447 12
456 19
452 4
283 124
303 103
274 82
262 75
257 58
288 45
299 39
245 136
250 113
217 84
165 87
149 98
135 74
85 77
168 58
187 67
216 51
205 45
236 41
245 37
245 37
249 22
240 25
245 6
250 8
267 4
276 17
292 3
219 23
39 64
57 53
93 56
95 48
84 49
121 37
135 37
140 32
144 29
148 37
155 27
160 22
170 16
177 10
175 20
182 23
175 38
167 37
167 37
204 14
198 15
214 15
188 10
184 4
180 7
116 4
105 3
94 7
95 3
108 11
125 2
122 1
129 5
138 2
191 4
70 59
98 3
8 91
300 151
298 5
325 15
335 1
299 29
257 70
182 17
199 43
203 28
135 58
175 14
181 11
164 21
148 31
130 41
197 1
72 13
78 12
126 4
140 2
142 1
