160
473 253
424 241
448 220
293 235
278 370
119 307
18 346
40 112
107 122
116 167
159 137
413 133
442 122
431 30
481 61
407 100
383 82
398 20
209 80
179 95
13 39
62 36
81 47
78 26
180 30
207 15
227 17
240 15
281 17
290 15
350 9
379 15
395 2
419 1
427 5
439 5
291 26
261 39
76 39
145 50
166 26
186 27
195 26
220 19
252 39
253 26
246 21
234 28
258 20
284 28
299 24
307 25
78 188
86 154
328 27
328 7
336 9
342 7
351 3
338 3
365 14
366 2
358 2
376 5
351 19
342 26
377 25
391 59
356 62
410 68
430 14
496 13
486 10
499 6
509 1
492 111
489 202
459 2
81 102
64 106
266 13
400 12
434 2
495 1
482 2
35 53
58 55
41 30
96 31
114 36
109 32
132 46
132 37
143 29
166 32
71 130
8 179
262 140
329 142
312 71
332 86
304 41
314 29
328 40
336 37
346 31
341 19
343 12
331 19
327 13
336 16
309 11
315 11
317 6
316 18
296 26
274 29
273 21
264 28
264 22
234 37
229 77
219 92
201 46
219 35
229 24
185 37
208 30
225 27
234 20
248 14
256 11
252 13
208 23
248 39
138 181
190 170
475 311
465 33
481 26
491 34
511 47
442 33
367 38
375 37
388 29
416 19
421 14
438 14
446 11
450 5
475 5
401 7
408 7
360 19
370 24
385 7
322 31
505 9
424 298
