85
354 344
298 296
83 347
71 287
7 287
11 206
60 221
93 207
126 182
175 200
175 164
153 134
103 161
10 19
20 43
28 55
29 72
38 25
34 6
38 6
66 7
73 38
83 4
105 35
124 6
119 6
137 23
145 9
162 28
178 7
169 1
182 16
192 16
200 23
175 55
185 47
215 32
229 26
220 8
215 3
250 29
266 30
271 19
269 2
284 50
270 143
235 123
217 72
105 95
324 34
313 22
302 23
295 11
323 16
338 12
346 12
355 21
362 38
378 24
389 23
400 31
393 16
413 50
430 67
423 80
415 96
410 109
400 110
419 155
430 160
407 207
392 226
398 161
378 165
349 160
314 216
502 175
496 64
480 2
474 2
283 116
417 71
486 79
430 1
241 13
