99
103 381
60 325
115 316
172 296
319 299
364 302
243 271
271 253
278 253
251 246
233 243
252 194
264 197
288 181
348 215
331 252
391 218
402 219
426 236
458 236
505 253
489 204
454 189
434 198
435 172
430 176
411 177
402 180
391 188
329 181
347 156
322 146
321 138
269 151
234 148
238 142
332 122
340 128
354 122
360 107
352 108
350 108
257 125
270 126
255 113
249 120
244 121
242 123
243 117
243 110
237 110
238 113
228 113
224 112
220 110
212 112
217 118
229 116
233 119
214 123
208 123
227 122
223 127
211 134
199 127
193 123
197 120
181 122
178 125
137 114
135 114
148 127
366 108
374 106
371 113
368 124
367 128
386 118
394 121
397 106
399 105
412 111
410 115
420 114
434 115
444 111
446 118
431 126
439 133
449 133
454 132
469 136
483 128
472 115
475 111
484 116
493 119
499 125
505 162
