109
441 221
454 217
469 201
479 199
510 168
390 243
337 206
308 216
403 192
398 179
407 167
425 165
444 157
451 156
470 163
380 111
367 105
391 109
348 92
342 100
332 97
322 89
299 98
286 101
287 120
289 133
274 121
276 113
268 117
265 99
247 108
280 78
282 66
286 59
291 53
282 57
272 61
242 76
239 63
245 62
236 60
230 69
217 68
222 87
237 103
239 113
213 109
212 89
178 67
159 64
164 92
157 95
172 107
178 115
185 111
190 110
200 144
221 140
223 150
193 151
213 152
206 163
171 172
158 177
177 187
188 191
188 215
207 233
132 83
144 82
115 72
105 76
106 86
103 98
114 107
120 97
124 96
120 112
149 101
140 97
150 89
122 158
98 142
84 122
93 126
74 106
83 104
118 168
131 179
128 204
95 181
81 196
59 218
74 221
45 128
31 120
50 112
62 126
56 81
43 78
37 82
20 83
21 73
30 75
12 106
8 130
13 132
11 175
18 77
