82
145 295
55 245
57 248
17 244
39 231
27 221
39 147
54 127
13 86
4 59
24 25
41 44
50 34
57 15
96 25
77 28
67 47
129 38
138 42
138 62
155 73
158 80
156 92
128 108
153 118
235 145
236 161
273 161
264 109
296 102
324 86
171 40
158 38
167 31
134 59
207 45
201 40
181 45
186 33
204 25
209 28
215 26
229 21
216 19
225 5
243 17
261 28
268 30
266 21
262 51
250 47
242 45
229 39
272 55
270 58
296 52
318 55
330 63
311 33
291 4
278 11
295 2
335 19
315 7
367 210
384 164
399 86
377 84
469 130
388 3
376 1
426 8
446 1
438 1
444 6
442 4
439 21
458 10
459 25
474 3
506 11
232 271
