113
156 332
207 292
415 257
496 241
431 221
63 340
57 200
500 201
435 179
366 123
418 118
471 112
108 98
185 104
238 84
286 66
316 62
328 92
349 74
398 97
421 92
452 103
383 61
43 59
7 59
88 53
131 55
113 41
137 41
147 42
156 38
180 38
205 38
227 36
222 37
10 48
16 37
9 25
2 28
58 23
34 14
278 38
260 51
262 40
252 32
245 50
242 59
239 81
317 33
338 31
361 36
362 50
391 52
378 37
391 31
399 30
404 38
410 39
429 41
421 48
450 47
445 52
453 36
464 44
467 52
476 46
282 28
293 21
302 25
259 20
332 24
336 25
327 17
322 16
313 17
278 11
262 7
126 24
121 12
141 12
349 23
366 17
352 14
388 16
405 23
410 16
176 25
189 23
202 18
192 12
164 9
224 26
304 15
319 4
352 4
365 3
403 6
418 5
425 12
431 8
422 3
436 2
458 5
474 5
493 14
498 48
500 7
495 2
154 6
196 13
88 4
55 9
18 204
