121
46 491
6 545
316 522
384 370
270 371
257 325
22 308
90 334
137 322
165 280
152 246
86 246
27 175
30 110
117 117
147 95
142 77
164 94
207 116
179 124
212 145
252 142
276 146
231 195
198 205
150 194
211 246
310 273
346 266
422 302
587 457
642 435
755 371
694 243
762 182
369 82
344 85
464 66
477 67
492 58
501 81
528 69
551 56
538 41
513 41
634 69
760 67
746 53
717 31
734 33
752 33
516 23
556 19
504 19
445 26
255 76
250 69
226 67
207 56
187 43
155 43
161 38
354 73
381 75
321 30
314 25
282 15
261 14
265 9
249 12
241 12
235 8
215 9
206 8
192 11
199 26
179 25
173 8
161 12
12 26
20 21
10 37
33 28
56 27
59 38
54 33
63 26
65 45
74 44
84 43
102 36
116 36
125 36
131 31
88 18
75 20
58 8
74 8
88 10
125 12
136 8
68 36
504 9
461 12
574 9
718 12
105 2
121 3
248 3
289 1
440 6
447 4
501 2
514 3
664 2
552 11
527 18
607 11
613 8
564 8
561 13
