169
438 344
484 308
462 301
322 302
260 293
259 245
199 247
423 212
469 215
476 189
427 180
109 216
34 221
457 146
381 171
372 151
376 131
423 117
472 105
456 99
498 120
32 184
4 182
111 184
114 169
10 11
16 14
20 17
25 15
46 9
51 4
59 11
62 4
71 8
63 17
65 11
88 7
90 2
95 16
116 5
125 5
119 14
133 18
126 17
107 20
129 30
10 20
9 39
1 38
9 52
1 48
25 46
31 38
38 35
49 40
44 40
39 53
62 44
61 50
73 71
44 88
35 95
6 89
39 112
94 123
136 119
111 99
127 103
196 132
181 113
155 100
113 83
103 98
103 69
119 70
140 76
246 98
231 94
218 94
179 79
168 65
154 67
143 61
91 38
97 41
102 38
110 37
124 41
132 43
119 37
112 62
202 67
173 68
212 63
227 60
237 63
239 56
253 50
272 58
231 23
236 19
243 31
263 20
258 31
258 19
257 10
269 11
273 20
286 54
314 67
344 73
346 62
315 58
299 31
285 26
303 26
306 22
296 19
326 28
339 20
329 17
348 4
319 10
312 4
285 18
278 3
364 20
368 8
358 5
366 75
382 78
370 97
393 1
404 5
400 2
382 36
389 33
403 37
395 42
398 31
415 33
418 6
433 31
427 50
439 26
423 1
430 1
439 5
452 1
463 1
457 6
461 8
445 5
458 25
456 29
465 29
463 46
480 25
487 33
492 34
469 61
479 65
506 65
507 38
85 5
130 69
105 48
228 32
291 56
