180
107 283
73 275
6 146
9 126
111 246
154 232
144 223
140 204
178 271
246 259
250 213
223 189
217 170
216 157
184 151
195 112
176 124
200 106
197 97
201 67
186 74
167 95
161 98
164 103
149 108
115 102
116 141
103 108
87 93
81 92
64 111
68 155
76 154
72 165
62 168
52 56
56 61
66 66
69 64
83 63
88 55
92 75
93 85
104 80
110 83
143 75
139 79
150 79
158 73
159 56
136 52
138 51
189 48
201 47
220 54
223 89
220 82
217 89
212 86
140 98
359 191
363 248
319 234
297 226
325 151
339 143
349 142
340 128
368 119
302 133
276 130
238 113
238 88
229 74
233 59
256 80
268 70
301 82
306 85
327 87
293 109
283 108
317 107
332 106
340 115
373 107
387 102
361 93
388 83
382 74
466 122
486 125
494 88
509 95
436 87
418 75
437 61
449 59
286 54
233 46
230 44
233 38
219 44
217 47
283 42
283 35
279 32
291 46
307 44
314 45
317 45
315 41
332 41
325 46
335 43
337 38
344 38
344 33
353 44
349 40
360 39
357 48
373 48
373 42
374 35
378 38
385 36
380 46
395 46
404 47
405 42
406 30
365 48
376 51
476 48
470 49
466 42
455 45
445 37
434 45
428 46
426 42
421 48
421 35
434 23
448 23
456 22
454 20
451 19
463 24
464 19
469 23
470 19
473 21
480 21
484 24
479 17
491 25
491 39
488 46
470 29
498 14
501 17
501 12
499 11
504 14
506 11
510 13
509 18
506 17
511 14
505 40
510 41
406 73
479 35
430 68
417 69
491 14
403 182
483 225
