165
181 343
124 288
98 315
3 330
2 292
52 249
53 237
36 218
28 194
111 183
93 214
122 191
138 220
127 229
123 165
109 147
149 152
164 139
185 105
215 125
233 107
315 115
330 128
332 160
384 181
310 184
283 218
261 160
253 199
216 178
255 252
207 261
197 241
291 252
333 249
303 263
205 293
260 370
424 308
569 480
731 333
663 310
441 134
527 190
597 175
694 160
755 117
707 87
687 71
739 57
758 55
746 28
729 36
701 49
690 48
676 40
604 25
594 29
607 40
621 48
655 55
649 79
645 103
611 99
618 82
602 84
584 91
568 67
554 71
574 55
570 40
544 19
565 13
534 28
522 16
514 6
558 4
456 5
418 35
390 45
407 63
363 115
350 84
356 76
337 82
383 115
432 107
451 32
457 19
516 87
485 117
527 115
554 99
207 231
357 234
464 52
440 45
425 68
354 92
350 107
296 127
464 85
437 78
501 100
499 110
532 75
532 58
536 11
531 3
561 29
595 1
617 3
638 51
646 43
615 16
643 20
657 22
630 34
504 41
445 24
352 176
335 106
398 45
415 56
437 22
755 49
493 46
530 11
501 13
495 8
688 10
761 21
159 390
148 91
188 73
281 101
289 89
437 34
407 38
418 25
425 19
422 4
449 13
491 22
518 36
378 70
437 91
483 151
498 176
465 240
532 251
473 420
601 273
720 202
678 22
711 22
733 19
735 2
486 70
476 65
485 55
487 96
452 57
445 71
443 54
