155
317 338
235 272
195 204
117 144
92 134
80 142
53 110
39 125
44 105
158 107
164 84
127 68
189 27
274 29
284 19
288 27
216 139
242 137
206 91
221 60
238 52
286 57
376 144
328 87
309 84
323 60
339 63
353 71
376 72
412 88
438 131
471 99
365 447
443 310
479 291
496 259
521 284
545 311
614 300
677 330
760 372
590 210
572 178
598 162
588 101
630 99
643 53
650 36
661 31
548 41
533 19
597 23
589 41
571 40
560 40
616 33
652 19
693 33
703 76
745 84
485 20
466 19
503 4
442 63
451 44
437 40
450 35
406 28
398 19
353 19
710 6
721 3
444 13
358 11
462 61
414 5
335 16
345 23
349 18
374 3
373 22
377 20
373 30
370 52
388 42
436 30
434 22
614 22
527 9
543 10
695 67
511 17
507 13
512 9
519 9
394 5
565 178
363 28
270 68
248 67
276 24
280 36
70 413
31 33
130 84
154 88
151 44
125 222
418 247
266 36
256 66
257 51
250 83
223 75
433 13
429 6
450 5
459 7
469 2
480 3
492 2
490 12
526 1
537 1
564 11
546 3
575 9
588 6
458 22
455 13
453 25
397 32
324 50
342 32
341 13
343 12
345 18
351 61
331 25
376 1
378 29
725 44
764 46
767 7
621 2
612 17
541 44
530 32
495 17
492 61
520 27
509 28
386 71
679 54
453 80
