112
125 305
5 370
333 559
18 234
47 192
71 126
91 147
216 123
308 87
304 67
330 59
365 76
385 99
409 99
421 91
437 101
472 121
587 133
348 125
663 346
680 194
702 178
651 175
601 204
623 128
720 117
761 103
760 80
713 96
714 48
705 11
659 9
645 9
627 16
631 29
612 19
601 22
595 9
588 8
572 11
546 15
525 23
553 36
589 27
616 29
642 51
677 41
683 77
639 103
650 71
619 64
583 61
569 72
578 87
604 95
553 84
536 45
490 52
469 64
462 40
452 60
447 40
421 48
370 40
358 44
345 36
347 15
364 19
376 17
393 16
213 33
246 55
264 60
269 53
164 55
101 48
91 44
691 10
696 5
673 3
474 85
522 40
550 38
567 44
548 68
669 84
670 32
662 24
665 6
696 33
81 80
133 56
339 26
363 44
379 25
182 69
188 35
208 32
503 68
508 55
718 30
690 78
641 76
642 91
605 54
605 34
661 34
612 168
504 117
611 34
510 108
639 37
