118
211 285
179 359
42 384
288 287
286 320
381 255
422 234
419 201
551 522
698 550
639 423
644 325
588 314
504 256
548 234
644 228
701 219
728 277
498 178
554 178
616 155
680 137
619 125
604 118
536 127
431 141
472 102
58 136
11 45
18 86
121 38
143 36
173 7
190 17
288 83
246 75
238 132
286 41
266 13
250 14
272 14
510 100
492 71
466 71
442 60
416 77
389 70
389 42
408 36
417 33
411 61
436 48
466 40
488 37
501 28
480 26
522 43
537 48
551 53
548 70
583 69
594 86
623 39
597 28
587 32
574 27
648 42
660 54
674 97
699 98
724 73
743 71
765 97
760 151
682 55
712 26
673 39
730 15
745 22
759 28
762 65
700 15
593 3
601 4
612 9
637 3
623 11
531 21
547 18
548 9
562 13
501 9
413 12
428 10
453 7
380 45
378 25
400 22
392 16
321 66
343 49
357 28
349 14
369 14
328 12
315 21
289 7
299 4
307 5
293 3
305 38
233 4
243 8
257 4
194 2
487 52
83 3
109 4
