75
91 314
1 362
15 227
25 126
59 171
74 166
80 214
141 185
129 136
113 127
202 111
233 233
260 233
295 179
278 164
228 155
223 127
233 125
248 110
270 133
307 135
301 96
316 80
308 74
309 60
299 68
406 326
450 318
482 353
506 283
493 171
455 161
372 204
350 233
348 190
42 22
55 22
58 22
70 18
73 22
104 21
81 7
108 17
212 12
242 16
249 15
253 7
261 12
273 9
359 11
345 71
346 79
351 87
333 104
334 124
342 141
348 156
355 110
364 80
365 62
380 57
392 58
404 74
413 58
423 56
423 65
430 89
488 104
496 131
470 43
460 48
457 3
407 2
401 1
494 47
