87
257 382
281 336
324 309
329 276
84 256
203 160
235 140
266 163
188 109
22 64
10 49
19 26
5 16
7 11
30 46
28 36
39 21
28 22
27 14
36 10
41 13
30 17
75 48
51 61
122 48
177 54
193 54
223 50
247 49
239 15
242 8
215 10
218 7
281 49
309 38
319 42
316 17
304 22
294 14
327 9
323 15
337 7
347 28
332 28
312 9
356 43
351 37
357 29
351 18
345 16
366 7
380 9
393 12
388 3
395 1
408 13
415 7
371 33
423 24
401 78
437 17
441 10
435 3
422 7
434 9
453 7
474 12
482 2
478 4
493 8
458 14
506 7
475 26
365 95
141 47
273 4
273 24
264 29
258 20
280 19
202 11
276 14
275 40
361 16
350 10
329 16
325 47
