141
224 339
173 396
135 392
322 437
586 377
636 351
617 332
709 310
746 312
674 254
702 258
752 184
726 180
715 198
692 203
681 181
692 182
649 182
446 189
446 203
463 215
489 225
481 265
440 264
436 296
503 264
536 226
528 203
544 178
565 192
550 208
625 166
605 146
649 161
624 250
586 252
568 256
560 285
536 319
507 193
507 166
417 207
411 173
425 176
434 161
438 178
444 166
451 180
422 162
483 174
469 166
464 166
459 156
472 148
480 143
497 155
468 139
454 147
442 144
438 148
427 150
416 146
409 147
405 139
401 147
384 148
366 166
359 166
366 182
381 201
392 206
368 213
351 227
320 246
316 219
335 192
343 182
343 158
338 152
323 148
316 149
308 153
317 171
322 189
292 215
285 172
275 176
266 168
258 161
268 153
280 122
302 122
250 223
255 217
252 269
181 269
137 232
85 256
65 204
46 210
49 185
23 180
4 187
141 205
129 198
148 199
164 193
188 205
195 216
209 220
234 209
240 193
121 151
145 152
232 143
240 141
240 139
253 136
261 125
257 146
131 147
138 148
99 170
116 160
106 206
92 192
142 216
209 274
336 246
324 215
305 184
759 218
764 312
282 156
299 143
275 149
150 225
286 152
291 171
250 156
151 147
