521
423 483
452 256
358 223
345 201
349 178
326 174
346 135
330 138
311 120
600 351
719 265
734 369
705 181
670 160
647 118
633 88
584 88
662 71
657 102
689 94
736 104
22 170
47 161
54 161
34 116
17 112
314 84
308 92
300 81
289 64
125 113
112 109
133 105
136 89
155 94
159 86
159 78
142 56
134 68
129 68
122 62
117 58
113 60
115 51
127 46
131 52
147 48
155 44
84 51
96 54
94 58
89 71
105 70
114 76
98 76
73 90
69 73
51 67
54 81
27 77
19 71
2 73
6 86
7 111
169 136
196 136
213 145
224 137
226 150
233 118
240 107
210 74
205 97
191 79
176 82
172 68
176 60
175 57
170 57
165 58
163 65
167 40
177 42
177 47
194 33
190 35
194 38
191 44
201 38
197 46
207 40
212 36
212 39
209 36
216 33
229 32
225 31
221 39
228 42
215 53
208 61
193 59
225 57
234 54
239 47
244 56
234 62
240 67
253 74
284 131
275 118
283 111
335 83
372 114
353 80
319 70
308 58
320 57
313 60
270 29
273 27
285 18
265 24
256 34
248 32
242 33
243 29
235 30
244 39
238 39
250 37
257 50
268 44
262 43
274 37
277 41
278 34
282 33
280 36
287 37
289 54
312 40
302 37
297 36
293 30
291 23
288 25
298 26
309 22
306 33
311 26
315 26
315 22
314 19
318 18
324 17
327 15
326 23
328 21
328 25
321 28
324 40
312 33
332 34
329 38
332 28
153 88
334 53
340 56
349 46
354 43
354 37
352 28
349 30
344 29
340 31
339 27
339 18
342 21
343 18
342 15
348 18
345 23
356 22
350 17
338 11
337 9
350 8
348 13
354 12
360 10
361 14
363 18
359 23
371 23
374 15
368 14
369 18
365 11
363 8
360 7
372 10
377 9
375 10
379 9
380 12
384 9
387 11
388 10
391 9
391 12
388 15
396 13
392 16
386 19
391 22
392 19
397 20
382 35
389 37
370 35
355 28
362 35
368 46
361 49
361 54
355 62
382 55
389 63
386 51
381 42
395 47
367 70
291 46
428 44
433 61
456 62
450 66
406 51
397 35
410 27
415 32
415 46
422 41
429 33
428 27
425 27
420 24
415 28
437 28
438 40
447 38
452 29
458 33
444 24
445 18
439 19
437 14
430 15
423 18
417 17
408 16
404 19
401 17
403 14
398 10
394 9
407 10
405 7
415 7
417 10
414 13
424 11
424 6
430 7
426 8
434 9
438 9
441 12
443 10
443 12
447 14
450 13
454 12
452 7
449 8
456 8
458 13
459 26
463 24
454 16
462 16
463 12
469 12
469 19
467 17
474 13
474 10
478 18
475 19
485 16
486 20
485 27
482 25
473 32
470 26
475 42
467 40
464 67
476 48
492 38
490 32
496 24
492 19
495 17
500 18
497 13
493 14
494 9
500 13
509 21
508 27
501 39
498 46
504 45
508 39
509 62
519 43
523 30
524 25
520 19
518 17
516 14
522 13
528 15
531 17
525 16
550 46
541 29
533 31
537 28
535 21
538 17
534 13
542 10
539 10
542 18
552 13
548 8
557 12
559 15
563 13
563 10
571 8
569 16
555 23
554 31
557 34
561 31
561 36
578 29
573 30
568 21
578 18
578 12
581 12
596 26
590 19
574 65
602 23
594 10
598 9
601 10
589 8
581 9
535 2
539 2
550 3
553 5
576 8
585 2
591 4
594 4
584 25
603 4
607 8
612 9
617 10
615 6
624 8
623 18
613 20
607 25
629 6
638 6
640 19
636 21
643 20
647 12
650 18
647 22
651 24
657 15
665 12
663 17
658 20
664 22
679 25
680 9
675 11
677 7
684 9
679 17
672 22
673 33
660 45
663 68
684 47
690 53
692 33
705 11
696 9
709 12
707 22
716 20
713 35
716 42
729 30
727 19
724 9
738 10
737 19
743 24
749 16
757 12
763 10
752 38
753 45
734 7
742 3
761 3
579 6
416 97
409 138
434 131
380 76
433 76
446 71
468 82
491 71
428 19
419 13
427 6
438 6
438 3
435 2
430 2
442 8
413 6
417 4
421 2
352 5
364 5
370 5
375 5
357 14
380 3
375 2
383 3
381 5
385 6
391 5
392 3
386 2
416 12
459 2
458 4
453 4
447 3
451 2
462 7
458 11
398 2
391 1
412 2
410 6
401 2
405 2
408 2
470 2
471 5
466 8
476 5
480 3
562 2
568 4
569 1
575 3
578 3
703 2
709 2
720 2
712 2
412 23
410 21
408 23
433 14
440 1
416 1
399 5
397 4
381 21
378 21
401 21
281 13
317 11
289 33
630 21
695 26
747 20
344 15
