178
295 351
326 337
379 362
403 353
122 295
107 280
35 264
34 246
12 234
5 220
41 228
63 229
82 224
89 235
99 212
111 235
116 226
131 218
150 212
170 209
189 201
198 215
209 214
214 203
222 200
231 212
249 200
287 257
215 248
313 234
337 222
351 219
341 256
239 201
235 191
241 188
256 185
264 190
264 212
270 204
273 188
269 178
280 185
283 179
295 179
301 186
303 176
302 203
318 180
312 183
309 172
315 169
325 175
337 172
348 171
351 178
361 171
368 165
332 203
444 344
399 284
445 288
505 307
425 229
474 232
513 238
506 223
532 196
549 200
568 216
612 192
659 186
378 169
388 172
395 172
400 169
410 166
393 188
422 201
422 189
438 205
450 213
423 171
433 166
446 162
447 173
451 170
455 165
458 162
471 166
483 170
483 161
496 156
488 152
506 182
509 156
515 156
503 157
525 151
516 149
522 146
542 179
584 179
600 183
551 156
564 156
581 160
593 155
531 153
534 148
548 150
549 146
555 143
556 149
560 150
562 143
571 145
572 149
580 146
584 145
589 146
544 150
539 151
672 176
665 164
652 162
621 155
610 157
639 156
598 148
598 139
605 138
617 141
620 135
640 138
644 134
648 131
633 131
630 136
625 138
616 134
612 140
656 135
658 139
663 139
672 134
658 154
655 148
638 146
679 141
677 135
678 131
688 136
695 134
691 151
705 136
715 143
721 139
715 154
688 147
700 146
692 144
724 161
728 141
733 139
735 140
745 135
755 137
759 144
765 137
766 147
748 173
748 161
747 151
612 134
676 170
594 148
755 162
