118
412 313
759 427
709 210
666 182
681 186
659 239
630 216
597 212
10 222
70 231
97 273
72 192
99 170
84 123
194 192
183 187
173 140
199 110
216 110
245 89
312 95
324 155
330 173
368 172
408 209
488 254
640 139
595 126
570 121
556 103
542 111
525 126
507 146
493 183
457 168
432 134
395 99
387 89
398 89
410 80
424 81
411 98
423 113
430 97
453 106
434 112
445 74
451 71
468 83
469 99
483 90
490 72
472 70
497 64
518 87
547 70
571 82
578 55
556 56
529 55
582 40
569 32
585 24
598 35
613 103
630 104
623 77
616 39
609 20
625 19
640 20
316 12
325 13
328 12
329 8
339 6
342 10
347 8
350 8
360 1
377 8
389 7
392 6
420 5
426 3
430 4
458 2
462 1
449 1
707 81
723 84
736 79
641 37
645 18
658 18
665 18
694 18
706 50
718 48
747 53
756 73
715 19
706 15
696 10
693 4
708 10
716 12
719 8
725 1
737 5
741 8
747 8
758 7
91 179
190 90
290 138
319 139
370 142
