119
505 246
377 371
352 191
267 184
260 169
424 246
374 229
307 117
345 108
419 116
248 81
230 68
170 92
186 112
142 102
126 135
145 151
72 130
31 142
30 175
13 89
58 87
87 106
11 51
22 24
35 33
42 34
54 35
51 46
38 52
60 64
75 49
75 23
84 48
99 41
111 54
99 60
100 18
99 28
13 155
8 4
18 13
36 11
45 24
48 6
53 9
26 6
21 5
68 9
83 4
89 9
98 8
61 1
117 56
124 59
149 29
148 11
130 22
123 23
129 3
146 24
173 69
196 30
188 23
195 16
174 20
223 47
216 34
216 10
236 21
246 16
265 20
282 26
277 23
278 12
267 10
248 64
237 40
274 49
216 22
333 35
319 16
307 27
312 14
293 20
303 11
357 11
347 40
355 63
367 38
364 17
372 10
373 29
380 32
393 17
387 12
409 12
407 29
397 32
421 70
415 73
424 42
446 35
436 61
463 45
414 32
495 81
491 30
498 10
469 11
456 9
343 3
318 3
306 1
262 4
250 6
247 2
229 7
469 339
