132
232 130
263 136
272 119
276 109
113 147
118 134
169 110
129 86
117 78
105 62
91 78
87 88
78 71
69 96
59 85
49 71
34 89
14 88
17 96
10 98
11 115
14 128
26 68
33 54
12 50
35 27
29 21
42 24
52 16
61 20
52 31
79 35
110 56
463 142
536 177
587 222
532 314
579 451
666 437
722 162
725 68
761 54
754 14
677 126
622 75
480 90
501 84
296 72
276 79
336 71
369 99
373 85
383 98
396 121
371 155
364 129
372 121
592 81
576 89
613 59
588 58
612 47
621 37
600 37
582 5
562 17
546 20
526 20
516 8
498 7
409 58
411 37
398 38
387 56
455 60
452 82
497 53
493 35
507 33
478 4
461 10
439 16
406 11
389 19
368 22
356 3
344 3
338 10
574 129
660 18
663 11
675 8
691 8
708 53
715 157
325 8
328 18
336 22
341 22
337 31
322 31
319 69
360 117
282 21
299 25
294 15
304 13
315 5
295 3
278 9
80 25
124 6
624 2
56 46
34 41
22 30
47 67
103 36
116 52
136 73
131 129
141 120
342 5
279 16
306 70
319 81
331 64
416 121
422 1
334 3
364 11
310 12
