95
46 516
222 491
311 363
402 310
485 300
556 447
587 406
646 341
722 349
702 319
660 263
572 234
616 114
658 100
735 104
751 132
746 168
8 343
80 246
116 246
121 217
173 190
195 219
245 263
322 256
305 195
256 192
157 142
194 104
164 108
135 113
90 149
127 152
47 192
101 195
19 240
13 154
11 85
6 70
16 53
51 15
81 19
35 85
82 82
74 76
113 83
129 16
238 60
260 58
247 45
340 50
358 54
373 39
394 22
394 34
376 60
403 47
425 50
423 20
456 22
426 72
404 85
568 34
540 15
594 24
621 29
639 19
635 31
650 31
664 24
682 33
724 24
749 32
738 81
757 85
765 51
231 48
204 28
252 46
254 39
143 148
429 12
444 10
453 10
417 9
389 14
622 15
628 8
705 8
692 39
765 251
93 9
334 15
73 3
140 3
