106
53 271
91 259
63 157
76 125
1 135
11 57
34 60
120 35
74 91
97 115
115 134
166 175
144 220
204 186
305 202
319 205
312 275
377 231
399 279
324 549
456 170
534 257
345 168
288 128
389 90
462 93
471 48
513 48
523 55
535 48
656 291
645 77
639 59
652 11
692 7
707 40
700 57
757 36
182 67
182 37
159 24
152 27
195 16
212 48
287 7
310 4
337 14
363 25
448 5
459 6
514 14
532 4
505 27
447 32
326 11
333 28
427 11
384 24
414 32
532 13
549 7
490 5
765 33
354 2
186 18
78 103
68 97
76 179
49 164
80 33
165 9
155 11
151 5
224 29
253 37
233 20
239 16
191 50
204 132
250 129
264 27
272 13
297 10
318 27
352 36
352 14
298 1
269 194
269 151
205 73
479 7
485 6
487 43
518 37
564 8
594 2
629 17
621 49
691 79
421 99
365 5
387 1
394 1
686 25
734 1
756 1
