106
31 441
77 375
7 280
11 260
5 225
47 281
71 193
42 120
22 108
94 55
82 161
109 132
112 173
155 216
195 378
252 236
320 249
228 192
181 205
177 182
191 166
194 144
147 147
170 120
183 124
199 112
212 73
221 71
236 133
240 162
257 145
303 129
337 122
364 173
413 164
365 113
356 100
347 69
360 65
382 67
384 92
399 70
403 85
432 67
444 69
466 125
422 131
298 73
304 94
279 83
257 72
242 78
242 64
271 53
272 69
285 69
287 78
304 64
293 64
298 51
316 60
326 55
328 69
545 69
530 63
507 64
558 58
572 65
671 60
711 65
752 127
123 46
266 43
221 26
331 42
326 48
312 53
330 35
324 42
362 18
366 18
385 16
394 11
389 13
387 22
396 23
399 17
405 23
404 6
413 9
416 7
416 19
678 29
672 15
691 15
692 21
688 30
704 24
706 14
724 29
734 31
753 30
741 13
766 50
692 5
692 6
