180
50 328
280 356
161 313
53 300
36 263
15 258
477 368
410 320
394 301
316 285
321 268
293 325
237 302
189 254
139 273
90 233
143 259
149 229
116 196
91 192
394 247
19 181
83 168
401 206
1 137
4 145
10 120
21 145
45 154
49 161
60 154
46 145
80 127
53 90
67 90
75 88
87 114
80 107
109 128
116 124
120 171
163 158
93 189
61 66
85 85
89 66
91 66
74 68
70 66
103 63
105 81
119 76
121 94
117 95
132 115
156 92
135 79
131 68
79 67
77 66
108 64
121 63
116 63
123 65
124 68
131 63
126 62
142 64
136 62
134 62
137 68
150 61
154 61
165 62
158 79
172 84
170 117
188 137
185 127
193 122
189 117
200 128
206 88
195 88
181 85
213 62
221 65
213 100
224 98
228 92
235 125
229 147
270 153
269 142
254 92
170 76
276 83
294 79
299 79
280 100
283 118
275 135
283 142
290 137
292 128
304 139
310 148
298 188
291 190
303 105
290 112
332 193
321 183
350 155
384 196
305 289
437 200
389 149
392 154
356 145
324 121
420 149
433 152
397 131
417 130
391 139
437 117
436 97
381 111
395 102
322 83
312 106
323 109
324 76
328 81
333 86
333 81
336 76
353 82
357 85
366 83
380 88
393 91
405 86
394 79
402 83
376 81
396 84
449 89
443 128
448 166
455 158
456 149
472 124
456 128
493 129
401 72
402 70
409 72
407 68
411 67
412 65
416 65
416 69
450 212
444 213
463 212
477 215
510 170
467 201
509 344
284 100
291 105
318 82
402 67
406 65
401 64
405 63
408 64
410 79
