137
441 336
464 301
499 270
352 337
313 366
237 339
123 317
169 235
227 240
262 247
287 197
327 201
326 164
264 137
175 122
159 142
149 125
135 134
79 170
74 137
30 155
37 139
8 137
4 160
21 97
11 82
1 82
9 69
3 47
12 48
9 40
36 81
26 72
29 52
15 42
35 45
45 49
49 48
42 63
52 68
57 67
67 72
49 88
78 69
90 68
84 85
100 70
107 71
102 90
100 47
101 42
92 49
94 40
90 31
115 60
115 54
130 82
131 67
128 56
137 52
145 47
143 51
157 59
154 50
161 51
167 56
173 48
178 52
188 58
186 50
193 51
196 54
196 39
208 36
201 45
204 54
214 47
210 47
234 47
237 42
226 39
264 59
243 47
265 49
258 39
263 37
247 32
283 43
283 31
297 36
291 37
329 41
337 29
342 21
368 54
372 23
368 25
387 23
423 52
436 54
418 65
430 78
433 90
412 77
399 82
317 62
303 60
284 49
233 85
221 79
225 55
229 50
229 135
211 113
205 97
176 84
153 87
274 141
296 113
307 102
334 97
378 115
390 112
443 133
463 107
478 76
470 54
476 54
490 68
491 81
498 94
429 265
311 37
20 32
20 42
120 71
235 122
