129
10 355
25 241
53 230
63 234
60 209
48 214
38 206
34 187
71 201
67 207
81 199
91 220
76 220
56 201
100 235
95 229
101 221
95 210
89 208
110 199
111 188
124 201
137 204
132 195
139 192
152 205
159 199
115 225
167 216
145 270
181 209
185 202
179 195
166 199
178 201
175 183
176 188
166 181
155 176
150 186
155 185
148 181
147 179
140 186
197 199
199 191
218 204
226 194
222 196
237 200
237 178
206 181
211 175
206 174
202 169
201 177
181 175
173 163
202 206
273 203
250 199
226 171
224 164
215 165
207 151
224 158
235 159
244 156
240 149
226 149
264 164
250 159
261 150
267 159
136 190
289 201
285 192
290 184
287 176
299 182
280 173
311 186
314 212
291 226
345 217
352 222
356 210
362 206
370 207
357 189
333 185
311 180
293 161
299 160
388 148
399 150
399 187
391 190
389 181
376 183
369 258
375 272
425 191
418 172
415 160
219 218
486 311
109 287
17 196
17 216
8 221
2 212
24 211
7 190
3 178
18 168
20 206
22 172
19 232
105 208
94 202
73 208
69 239
374 154
396 212
70 165
55 160
52 161
50 160
