68
102 325
101 311
157 314
171 309
106 286
198 302
283 282
366 269
349 253
353 217
298 234
269 218
245 190
217 234
159 246
461 213
439 181
457 167
499 182
508 215
500 286
401 192
231 171
220 171
214 170
217 149
239 141
230 160
238 151
242 161
247 174
252 176
251 168
265 165
274 155
268 137
254 138
272 141
292 148
299 143
293 138
289 138
301 135
305 137
316 149
309 145
316 139
310 152
303 165
313 184
316 209
294 215
276 194
253 232
301 193
322 131
334 137
351 126
359 126
351 134
344 133
367 134
492 128
498 132
474 134
482 129
378 133
388 131
