104
77 548
117 500
286 487
303 520
309 560
286 570
551 363
562 355
502 343
510 265
473 304
431 308
537 310
608 321
621 305
688 291
705 292
725 315
679 368
648 345
757 353
478 234
476 223
469 216
455 224
439 214
463 232
349 366
281 354
250 337
286 317
346 317
320 273
295 271
258 266
239 256
221 247
247 287
215 284
195 279
172 291
172 269
170 312
150 322
120 303
118 292
143 286
156 263
162 242
135 247
121 249
104 244
48 339
39 323
29 305
67 306
5 279
8 269
29 266
39 254
54 258
73 275
97 275
43 240
3 238
12 228
29 228
29 223
43 222
49 223
59 228
61 236
73 231
79 226
95 231
103 230
114 221
121 237
132 232
129 225
76 225
68 215
53 219
57 213
59 223
68 229
39 214
43 213
42 208
31 211
17 215
5 217
1 206
6 197
18 196
20 202
26 205
32 202
20 216
13 215
8 190
5 181
2 181
10 196
