75
116 364
361 352
359 283
265 204
5 12
460 291
428 187
361 201
453 121
485 118
481 66
457 48
481 43
473 14
504 43
396 66
360 58
299 113
317 87
340 65
408 36
509 55
456 22
429 24
436 11
417 5
418 28
389 38
391 7
379 3
382 19
345 18
341 3
320 9
310 29
328 25
311 3
284 9
272 18
258 43
265 79
312 75
360 4
309 16
20 165
45 155
49 90
114 82
204 84
172 89
201 45
181 48
193 20
189 7
224 10
239 23
87 68
131 54
158 48
133 27
166 4
131 12
121 33
118 2
66 17
58 47
84 44
20 50
46 14
13 3
50 44
153 3
311 174
260 7
499 19
