114
273 415
326 319
365 283
390 248
360 246
547 283
600 349
621 192
598 170
552 148
516 115
457 89
425 104
404 111
380 139
398 152
323 164
286 234
265 265
151 288
124 269
105 189
21 173
1 201
59 149
103 135
182 200
119 170
258 204
246 171
268 138
293 123
334 101
312 97
295 104
243 107
254 89
200 95
185 110
165 120
146 121
1 76
78 68
77 56
70 45
93 51
137 73
120 80
105 33
109 29
135 31
148 36
163 22
169 31
176 34
193 31
198 27
204 39
208 26
183 70
169 60
196 71
218 74
230 74
226 60
217 56
227 50
224 42
219 32
236 44
254 67
396 76
363 63
325 63
308 66
291 61
265 60
267 48
263 16
278 6
230 17
331 43
361 46
233 2
219 5
442 67
465 62
493 38
484 42
537 38
525 25
519 13
538 5
581 19
612 45
630 64
611 68
645 77
744 57
750 2
690 14
672 13
661 3
653 4
649 7
640 22
631 18
476 13
483 246
520 60
511 66
442 11
430 12
323 1
