191
14 237
9 184
42 176
77 128
95 123
50 209
98 221
103 286
141 277
207 129
436 203
441 219
480 276
369 133
323 110
335 102
374 111
402 107
310 97
632 177
633 134
667 137
680 102
74 100
8 28
10 22
36 32
15 62
41 89
49 60
64 33
85 55
128 90
186 58
209 92
222 84
232 80
254 78
305 65
321 59
209 52
129 34
148 45
165 41
140 30
190 45
203 39
225 39
105 18
114 12
119 6
107 15
145 25
149 15
138 23
159 21
149 28
269 30
286 37
291 26
306 30
314 30
322 35
363 36
378 33
455 67
475 67
473 53
458 55
451 49
297 12
291 13
279 15
355 15
268 17
250 15
219 20
230 18
178 17
318 9
302 6
286 7
247 8
261 6
271 10
276 7
273 6
268 7
239 11
189 10
182 9
205 9
211 10
617 80
724 87
618 41
603 45
592 44
602 40
609 32
628 25
646 32
657 28
659 40
667 40
678 37
686 31
702 29
700 35
687 50
690 41
712 37
722 29
733 34
738 29
745 34
754 27
734 60
610 9
628 11
666 14
675 17
752 16
702 9
692 6
718 1
731 8
741 7
748 8
641 7
658 10
754 9
332 10
320 3
764 80
767 64
483 48
445 44
431 60
426 35
424 29
432 19
437 17
435 25
442 21
453 6
467 6
471 10
469 45
480 65
420 12
358 6
364 8
370 5
376 4
363 4
186 2
179 7
239 4
250 1
197 1
211 1
279 7
272 3
399 5
406 1
458 3
728 5
735 1
708 3
697 3
671 6
678 10
661 1
766 11
767 25
165 2
334 2
387 1
413 1
416 1
604 1
631 1
674 1
683 28
766 6
725 4
741 26
708 42
678 4
683 3
