299
757 238
718 204
738 201
741 188
712 182
651 214
656 185
650 183
636 191
672 180
602 183
602 192
708 253
702 246
710 274
633 275
602 302
587 292
575 302
517 287
528 288
521 247
513 222
521 219
528 206
561 198
557 190
495 189
509 188
509 195
525 193
505 197
497 201
486 196
478 198
468 201
472 210
436 212
437 201
418 203
408 211
435 202
422 219
433 216
460 222
457 229
406 228
398 225
397 229
397 236
405 240
368 233
387 236
389 229
350 212
379 200
338 203
328 183
332 182
313 187
308 188
307 200
314 196
327 203
328 201
327 207
329 206
322 208
325 206
319 222
316 231
304 235
304 226
326 255
512 318
347 407
297 430
225 522
144 567
20 457
292 240
216 247
237 246
218 224
228 224
238 220
254 227
258 214
250 215
247 216
246 210
233 220
287 212
298 206
287 198
292 194
229 208
225 217
222 208
218 207
209 210
215 202
204 214
197 224
196 208
201 209
198 198
201 196
209 195
224 193
226 192
236 194
239 192
252 191
257 190
245 191
267 188
271 188
293 186
299 181
301 180
263 182
252 185
254 185
248 185
245 185
257 185
259 184
181 281
163 279
177 242
159 249
168 238
182 241
187 225
189 223
190 218
185 215
179 212
178 218
177 224
161 234
186 199
191 196
194 197
192 201
185 199
180 200
179 201
178 201
178 200
176 201
174 202
164 198
167 202
161 208
155 203
146 200
146 198
151 203
152 202
144 205
139 206
135 206
132 205
133 208
122 208
124 206
125 208
126 211
117 208
116 209
112 204
114 201
109 201
106 208
103 206
102 210
97 209
98 216
117 217
116 212
121 215
130 213
120 221
137 221
150 223
159 219
167 216
146 233
144 235
135 232
138 230
126 236
125 231
115 228
111 223
101 222
94 217
91 211
91 219
99 240
94 232
91 248
113 273
61 278
90 280
88 266
127 279
138 281
68 250
73 230
74 219
78 214
82 219
85 218
87 213
82 209
37 277
47 276
48 258
31 261
34 249
43 246
58 241
55 234
60 230
52 234
49 236
41 237
30 239
25 237
34 234
44 231
23 232
16 230
17 226
34 228
42 226
71 213
76 212
78 210
72 208
68 210
66 212
57 209
61 207
59 207
55 208
48 209
51 207
49 208
45 209
45 207
42 206
39 207
43 209
35 207
86 215
98 213
113 214
15 218
15 213
11 213
11 210
14 210
12 208
17 208
20 211
20 209
19 208
21 208
22 209
23 211
33 206
35 210
37 206
36 208
25 209
24 208
23 206
28 207
27 208
32 210
31 208
27 210
30 209
29 210
32 207
48 206
42 209
43 208
37 211
88 240
85 237
295 186
40 208
70 207
41 211
