161
121 261
62 258
2 270
28 187
212 241
210 169
226 199
252 169
307 182
308 230
347 258
389 336
499 248
454 247
428 225
394 195
368 166
471 175
472 149
484 142
421 116
413 127
14 143
3 171
1 143
1 93
11 85
23 99
16 94
43 117
41 94
34 88
38 77
34 71
53 77
57 98
72 130
82 119
93 99
82 87
77 68
89 81
97 67
108 64
115 69
124 80
138 108
150 88
148 59
124 58
138 58
155 62
181 75
172 100
175 90
196 106
216 102
243 124
175 59
185 62
179 54
168 47
195 45
199 50
219 55
221 62
211 40
223 40
230 47
237 42
249 65
266 68
254 52
233 61
275 100
262 113
298 93
297 126
309 112
319 115
322 100
329 80
286 64
276 64
276 49
372 103
315 160
304 161
503 128
466 103
483 64
473 71
462 51
433 59
429 62
398 45
374 51
269 38
253 32
256 43
284 44
285 34
279 38
291 34
298 26
302 29
315 32
312 27
319 28
315 23
328 25
328 19
341 27
351 19
359 19
362 26
384 25
378 16
373 14
385 12
391 19
409 25
415 32
399 39
428 38
401 16
399 10
397 2
407 6
413 3
421 10
431 6
421 1
445 12
449 34
457 34
472 49
482 49
494 62
502 61
498 52
506 25
479 23
489 17
469 7
463 4
488 1
497 10
502 9
510 10
451 1
447 3
474 1
493 133
482 7
416 12
409 11
392 7
300 35
249 37
307 63
