96
130 353
8 243
12 194
6 141
9 128
29 122
80 108
104 91
117 89
135 145
130 167
127 195
58 176
165 136
144 54
119 36
93 12
94 1
67 14
59 11
32 13
13 21
1 3
9 3
24 4
3 21
162 75
182 75
183 84
209 115
198 126
219 128
201 102
203 35
219 23
258 52
264 21
243 141
241 126
238 132
302 93
307 74
290 62
282 74
301 59
301 42
286 16
317 34
337 27
338 93
368 67
352 24
340 3
371 4
369 25
376 23
386 29
383 15
387 19
392 11
378 4
412 23
417 27
425 60
433 91
481 138
379 98
412 181
457 353
493 87
457 88
470 67
470 39
447 32
446 21
428 17
387 4
448 12
484 17
478 29
511 6
503 63
69 107
54 111
189 75
309 51
309 42
288 32
254 40
328 6
223 50
250 84
317 26
320 27
419 15
508 14
