281
53 352
166 241
160 197
128 181
43 196
93 147
36 128
5 168
454 488
568 431
584 354
505 188
212 210
262 95
268 84
258 72
244 72
287 77
297 76
319 87
365 107
355 91
382 123
364 157
428 119
474 103
448 80
472 76
498 87
568 107
568 69
546 45
536 48
548 20
563 15
575 15
619 24
619 7
607 5
619 15
638 15
650 24
647 40
648 60
632 51
624 40
616 55
597 36
576 52
664 36
692 28
689 24
691 13
699 16
705 4
686 4
675 1
720 32
709 60
736 40
736 25
737 4
747 4
755 4
725 6
749 43
760 35
543 7
536 6
580 5
574 6
587 6
498 52
485 19
499 19
500 5
486 7
473 14
464 14
459 1
471 1
448 19
463 37
453 40
452 49
474 29
475 40
411 13
419 11
428 16
436 8
427 8
413 4
400 11
413 36
416 60
397 49
388 64
359 55
359 41
385 9
350 11
344 1
335 4
331 36
310 43
300 61
331 67
267 72
289 43
289 4
246 17
208 16
220 5
204 4
196 4
154 20
131 14
124 23
100 20
104 8
94 15
74 14
76 17
47 29
66 29
81 28
44 59
32 36
3 32
147 104
84 98
8 112
28 22
51 25
52 13
97 11
93 21
108 28
122 16
134 15
139 15
157 26
176 23
161 5
156 13
175 16
188 20
196 30
190 34
196 17
192 9
200 8
225 6
216 3
230 9
234 9
245 10
245 6
267 8
267 3
278 5
274 11
292 13
289 8
306 5
301 5
172 2
316 1
329 7
333 14
317 12
346 6
357 3
353 1
376 40
270 48
286 51
334 80
35 108
77 90
139 105
187 141
320 126
161 21
241 5
417 24
601 193
538 161
603 35
593 11
587 20
555 3
553 9
550 12
522 5
531 20
525 14
519 16
511 29
506 10
498 40
485 82
460 82
469 25
450 4
445 8
432 13
396 6
407 9
367 16
363 6
368 3
643 29
388 127
475 199
634 8
648 7
668 6
478 4
335 195
75 144
58 58
76 77
74 62
83 41
110 38
11 43
16 29
22 31
51 20
62 18
73 24
64 53
85 15
113 18
105 19
139 24
143 37
266 16
279 15
237 91
220 95
220 75
244 47
231 22
239 14
259 5
254 10
223 16
195 73
176 107
173 82
128 73
152 133
137 128
132 291
143 255
255 545
112 451
165 435
6 269
549 274
116 144
217 162
234 155
257 173
147 29
152 30
186 6
173 34
183 12
180 3
190 3
204 15
210 7
205 8
159 10
167 13
166 16
145 80
