198
11 354
69 239
5 222
33 169
63 147
83 157
98 149
33 136
20 126
558 513
700 441
518 404
592 173
130 91
32 61
30 48
13 44
143 34
185 44
173 27
56 1
80 3
137 17
161 19
200 48
200 48
222 52
232 55
236 73
283 122
296 128
323 135
304 47
272 37
259 38
238 41
243 35
257 27
226 22
270 26
269 16
288 2
293 24
332 15
347 40
365 50
363 24
374 37
398 29
424 36
445 79
456 43
445 14
437 14
407 3
391 4
352 25
343 11
340 9
331 6
363 4
423 15
426 15
429 21
425 25
449 28
458 12
439 8
436 6
427 3
424 3
417 2
414 3
419 7
481 44
465 36
465 36
470 25
466 18
474 19
470 19
465 4
475 7
474 7
474 7
457 1
505 5
502 1
508 1
521 53
506 67
498 57
516 47
510 42
499 13
487 15
487 7
478 32
485 25
466 11
578 122
540 46
540 18
547 18
558 19
519 1
565 14
566 22
571 23
579 20
579 27
587 28
594 27
587 36
573 49
616 57
610 38
608 32
605 22
610 25
617 23
622 33
622 21
599 1
674 28
641 26
643 35
641 44
629 23
625 22
639 18
644 17
646 14
652 15
663 17
668 9
672 10
679 7
676 21
693 50
682 43
690 20
686 10
690 8
694 8
697 7
708 2
712 3
726 3
735 4
730 3
740 4
746 13
747 7
749 1
755 8
625 77
635 75
636 65
658 53
646 106
664 127
691 87
720 97
720 87
709 86
733 81
739 88
736 128
752 124
765 88
761 62
738 37
725 50
713 61
698 43
711 32
718 31
712 13
723 11
727 10
732 10
728 14
736 18
741 20
745 19
764 1
758 32
764 12
721 43
675 9
659 13
731 27
734 27
732 40
654 25
700 1
655 16
