195
271 391
364 431
443 569
745 297
649 258
607 222
446 260
437 215
389 215
361 181
357 153
392 154
429 166
454 155
478 137
515 150
515 123
499 100
461 121
25 306
114 260
4 225
69 206
2 164
11 134
24 12
5 7
36 15
45 11
50 9
44 35
41 26
52 48
72 28
69 9
58 9
83 7
51 73
82 73
55 99
82 113
48 135
121 185
127 158
124 119
129 83
115 72
107 55
102 55
115 44
136 22
149 20
113 22
138 43
141 32
149 38
156 20
153 5
141 6
133 11
170 5
179 8
185 21
173 22
167 29
184 41
202 50
188 74
201 83
224 99
222 77
219 51
245 68
252 51
213 124
222 22
213 25
214 17
203 8
195 9
201 5
219 1
237 3
246 1
258 3
270 28
251 34
245 18
236 22
350 37
374 60
364 96
382 112
339 127
333 106
308 88
321 39
310 43
309 29
327 11
344 8
357 23
342 26
319 9
242 9
267 1
283 2
293 3
371 1
392 14
399 32
405 41
406 54
412 19
409 5
413 5
434 5
438 28
446 3
463 26
477 5
473 5
487 17
493 6
505 21
517 5
510 1
521 12
528 12
534 17
515 41
522 35
545 24
556 19
549 6
545 2
571 22
584 22
587 14
586 1
597 37
587 107
560 92
547 54
463 71
627 25
619 16
611 17
605 8
626 12
637 9
643 9
650 15
656 28
668 18
676 17
684 23
678 12
693 37
707 50
701 60
695 72
691 82
684 83
698 116
706 120
689 155
678 169
683 121
667 124
645 120
620 162
760 131
756 48
744 1
739 1
210 209
11 435
183 149
78 25
94 29
9 45
17 41
100 5
119 1
256 111
273 1
226 1
183 64
159 19
596 87
697 53
749 59
706 1
565 10
