143
456 411
424 390
523 308
495 335
584 320
633 411
712 325
729 296
745 143
695 150
659 170
642 161
604 173
605 216
546 175
478 217
469 195
425 224
456 167
487 169
414 166
385 163
366 181
332 173
315 201
250 197
224 200
177 213
154 223
86 325
82 277
42 170
54 163
17 154
47 120
63 119
73 121
81 123
123 133
113 114
142 139
175 136
201 136
167 170
213 149
223 141
259 152
300 145
266 123
233 119
191 112
208 94
142 105
148 95
100 103
88 102
75 92
50 107
55 91
45 91
32 83
49 72
65 78
72 72
81 78
91 81
113 85
103 72
26 45
21 75
14 67
1 69
12 88
7 93
19 108
9 107
2 114
22 123
146 79
153 78
155 69
150 60
163 67
169 72
171 63
177 75
182 70
189 74
183 108
207 67
196 62
216 73
224 74
233 74
237 73
247 83
242 100
276 91
282 83
290 93
320 86
262 60
219 50
223 61
214 62
346 101
378 85
370 78
361 57
389 95
411 99
434 86
320 143
379 57
488 84
511 98
534 110
545 88
539 82
531 64
527 57
566 51
583 51
606 90
595 87
562 70
564 97
623 102
657 77
669 74
654 57
693 59
698 50
710 47
720 55
704 92
761 92
759 57
752 42
733 51
744 11
690 50
110 208
