112
491 346
393 301
400 248
21 166
76 207
117 214
141 216
451 197
183 176
144 160
276 149
310 132
337 142
432 114
505 97
469 82
483 93
485 58
448 68
438 56
503 4
471 4
450 14
448 26
360 151
453 2
436 33
429 49
419 61
414 41
427 22
388 7
395 13
388 37
391 81
368 79
364 125
345 114
387 62
395 49
358 42
358 62
328 36
341 20
344 6
360 8
320 16
324 7
302 11
278 2
264 6
292 39
315 44
317 68
332 59
301 108
326 101
303 93
287 97
270 100
271 63
43 102
53 108
80 105
115 80
152 83
185 68
231 53
255 44
249 18
239 11
234 24
225 22
234 39
211 40
209 63
209 48
204 22
210 17
185 4
183 14
184 43
184 27
159 36
146 61
103 58
89 78
84 63
87 51
68 41
82 14
96 16
104 10
132 25
142 23
129 14
126 5
141 7
145 2
161 12
47 8
35 51
24 34
39 23
16 29
10 34
9 19
11 14
34 19
154 2
19 25
413 1
