169
197 496
307 487
764 354
679 289
720 219
571 232
535 225
419 223
390 239
308 256
254 255
242 273
34 312
14 280
327 185
414 166
444 199
455 182
461 159
468 144
518 169
523 141
535 159
555 179
596 180
681 169
595 146
687 128
710 120
756 131
702 94
683 108
215 153
230 142
154 130
96 133
74 139
2 122
736 97
726 87
680 60
650 51
647 53
580 45
570 48
519 93
541 37
529 42
462 70
412 77
387 86
453 51
499 38
509 35
521 22
517 19
566 25
560 5
549 12
543 11
497 19
492 24
471 22
467 15
468 9
473 36
445 34
434 35
429 13
419 5
425 63
428 53
415 50
414 60
407 47
405 40
390 44
394 24
368 84
357 51
351 53
345 53
346 39
357 37
352 47
362 17
371 9
371 17
378 11
382 20
364 47
396 7
404 10
410 9
320 41
306 79
295 80
243 93
246 70
178 102
185 81
189 48
208 48
225 51
244 42
266 46
278 35
281 33
292 43
303 40
249 28
226 30
215 42
218 25
196 24
188 28
177 28
176 22
188 5
259 4
257 1
262 2
273 2
279 2
285 1
159 73
173 61
150 50
163 35
155 35
158 24
171 27
167 24
158 16
152 16
146 13
132 7
133 19
142 29
130 29
120 37
120 81
100 85
77 90
51 70
59 66
71 62
100 44
80 29
66 29
50 50
41 56
7 72
2 89
5 37
1 33
28 35
39 33
53 33
18 1
34 5
36 1
51 2
68 1
313 369
75 23
147 56
143 3
524 1
