346
17 435
137 385
238 421
59 290
102 254
246 311
273 281
172 211
133 178
144 138
158 136
211 147
239 204
188 203
204 215
422 246
425 332
426 403
380 554
489 394
537 355
520 302
580 332
613 290
594 267
505 234
424 225
411 197
395 193
287 164
246 136
95 103
48 101
33 92
64 99
126 105
748 330
742 276
691 240
680 226
621 213
624 201
604 244
562 227
525 191
488 205
451 174
491 194
496 171
471 147
452 144
680 185
294 152
304 157
327 134
346 131
398 135
446 126
684 154
34 82
38 78
40 67
47 60
50 69
50 81
69 76
68 67
30 60
19 72
4 70
43 40
34 36
51 43
61 42
57 45
45 52
33 55
16 29
13 35
86 49
81 46
82 62
85 63
90 61
95 58
87 78
127 94
113 89
131 102
156 91
132 73
122 73
111 55
108 49
90 48
83 43
90 35
94 34
99 40
93 41
95 48
101 50
112 45
115 45
123 44
122 55
130 44
133 55
143 63
140 51
138 18
140 23
148 19
161 24
159 20
166 18
170 19
168 29
178 18
106 14
110 15
145 56
148 52
160 59
153 73
164 79
172 65
170 55
162 52
158 40
165 37
174 51
169 51
179 58
184 57
188 56
186 66
189 86
190 66
23 41
220 37
193 24
174 12
229 37
193 62
198 55
199 64
212 70
204 39
223 87
214 100
228 85
243 92
242 101
248 92
240 69
296 126
291 110
278 96
292 97
307 107
308 121
326 115
338 116
357 116
367 119
378 108
354 80
330 100
249 68
252 71
244 58
243 52
246 44
252 52
255 62
267 44
274 44
286 48
294 44
305 52
309 53
309 47
296 80
318 79
338 107
343 104
385 103
387 109
392 90
358 78
319 66
315 67
400 109
418 115
421 120
429 115
419 109
444 95
424 67
434 67
440 66
449 85
444 80
465 96
471 93
474 128
506 119
454 142
429 49
448 64
451 49
452 50
439 51
437 49
461 47
463 60
473 57
475 70
471 71
483 86
501 69
485 59
482 51
443 50
442 49
465 48
475 47
471 47
476 49
477 51
482 47
478 46
490 48
486 47
484 46
486 51
496 46
499 46
507 47
502 59
513 63
511 88
525 102
522 95
529 92
526 87
534 96
539 66
530 66
520 63
544 47
550 49
544 75
552 73
555 69
560 94
556 110
586 115
586 106
574 69
511 57
591 62
605 59
608 59
594 75
596 88
590 101
596 107
601 102
603 96
612 104
616 111
607 141
602 142
611 79
601 84
633 145
624 137
647 116
672 147
612 217
711 150
676 112
678 116
651 109
627 90
699 112
709 114
682 98
697 97
677 104
712 87
711 73
670 83
680 76
625 62
618 79
626 81
627 57
630 61
634 64
634 61
636 57
649 61
651 63
659 62
669 66
679 68
688 64
679 59
685 62
666 60
681 63
721 67
716 96
720 125
725 119
726 111
738 93
726 96
754 96
684 54
685 52
691 54
689 51
692 50
693 48
696 48
696 52
721 159
717 159
731 159
741 161
766 127
734 151
765 258
597 75
602 79
622 61
685 50
688 49
685 48
687 47
690 48
691 59
