91
180 288
83 313
309 349
289 339
382 283
42 47
49 45
90 76
11 93
46 91
60 99
63 115
49 146
21 161
21 135
82 121
90 131
109 111
117 98
105 73
153 120
135 164
94 172
200 169
170 141
186 144
184 111
161 107
160 47
139 52
188 52
135 35
149 36
168 34
175 36
182 49
36 64
113 239
123 223
215 239
191 218
99 185
207 40
290 161
226 196
248 171
261 158
230 107
241 106
250 116
253 121
258 103
271 102
325 74
333 77
354 71
260 42
303 67
312 59
280 61
294 70
263 54
242 64
215 59
221 64
413 120
429 135
441 147
421 149
420 162
372 92
399 72
404 80
432 65
446 75
440 107
507 92
485 218
61 49
482 32
496 96
191 270
1 26
173 48
276 67
299 67
277 161
121 43
168 45
185 195
235 177
