80
194 296
342 301
315 241
293 195
493 212
449 200
443 223
371 199
365 160
413 162
461 151
477 162
498 169
100 243
179 238
136 177
144 149
109 154
63 179
24 146
13 122
29 108
14 76
14 63
19 73
24 57
9 56
1 71
54 85
36 75
59 59
72 52
67 51
81 54
73 58
95 63
94 77
134 72
132 88
150 82
121 128
85 131
55 122
44 122
175 122
195 139
220 137
221 125
201 97
190 80
200 67
201 56
223 78
216 69
199 87
261 118
270 77
274 94
285 63
297 58
285 125
270 141
362 128
381 118
374 102
382 81
348 67
369 59
398 58
414 63
426 87
425 107
400 133
439 72
418 72
456 59
481 59
489 100
510 105
423 277
