269
55 357
75 344
175 366
324 375
303 321
306 278
444 241
490 217
85 224
66 196
87 155
75 124
91 116
64 116
53 91
386 196
445 134
493 102
387 140
366 138
299 124
322 110
367 67
356 64
328 27
307 48
296 59
239 105
252 88
235 88
215 110
182 119
206 96
192 96
155 93
130 93
104 72
124 74
145 46
268 27
31 160
5 176
30 191
63 134
116 116
5 51
175 19
331 82
342 100
289 26
76 32
262 24
258 22
251 19
240 19
234 23
242 53
254 45
249 33
255 29
274 8
284 18
273 30
276 35
276 44
282 38
293 30
317 35
313 40
225 75
232 17
226 14
223 13
226 9
222 2
225 2
232 4
237 8
241 9
245 9
251 7
254 10
265 10
256 4
259 4
253 2
248 6
246 6
242 5
271 6
275 1
279 2
285 5
284 11
292 9
300 11
298 13
295 16
300 15
304 22
313 12
308 9
306 11
305 5
304 1
315 7
320 11
328 18
318 20
312 25
325 35
336 56
291 4
298 6
277 7
271 13
163 47
121 48
130 41
140 33
119 17
128 29
146 23
147 17
157 16
170 19
176 24
180 26
192 27
196 25
192 18
188 21
180 20
188 12
192 7
190 2
185 7
201 14
204 10
214 11
218 34
221 29
208 20
210 36
204 55
206 43
219 64
172 69
179 61
181 76
182 90
167 91
202 82
211 81
232 11
215 1
231 88
175 40
97 59
113 45
112 53
121 36
109 74
144 38
64 21
65 15
64 38
69 30
72 28
95 31
91 45
94 47
85 42
91 55
41 38
41 55
34 88
28 69
34 59
19 57
6 77
5 93
28 123
364 103
137 96
148 75
148 64
143 59
149 53
131 54
152 47
268 17
399 146
11 102
47 62
2 56
36 34
49 34
327 265
427 222
434 194
478 139
415 146
421 138
384 102
270 98
249 100
304 99
318 71
273 57
284 68
78 95
62 67
90 39
100 31
106 29
110 32
106 41
103 43
95 55
142 18
137 39
189 51
191 42
180 39
194 68
125 42
139 106
319 55
324 49
331 45
261 44
248 47
233 43
226 38
215 42
218 42
197 41
202 29
165 28
170 32
213 24
209 17
150 28
76 14
72 16
74 9
258 30
279 9
275 24
279 20
277 13
251 14
300 30
245 24
242 15
235 12
266 1
258 12
261 16
226 23
218 20
221 17
285 24
293 23
289 13
407 85
429 106
409 138
