200
389 511
512 329
466 304
437 265
406 292
371 288
317 315
304 254
278 266
290 201
558 269
558 213
534 226
659 222
660 269
704 219
699 329
755 322
721 189
684 175
730 147
750 169
477 200
196 230
155 204
148 206
135 207
114 206
104 216
88 201
73 202
52 207
20 160
24 164
26 168
15 166
16 172
10 176
14 183
13 199
23 199
59 202
51 176
50 171
56 171
60 173
65 180
45 175
40 171
113 199
136 198
142 192
121 172
156 192
139 193
102 206
234 204
210 195
238 145
269 150
284 148
289 160
270 185
265 184
259 188
246 192
275 198
282 184
288 181
305 177
319 185
329 187
350 192
342 166
360 168
368 168
323 154
328 151
313 157
314 154
323 148
329 143
340 145
340 154
352 153
355 146
350 146
365 149
371 143
380 145
377 152
390 156
404 173
415 169
416 157
429 156
436 165
451 153
436 144
425 139
421 141
415 138
412 149
398 147
399 140
394 138
395 145
386 139
404 139
440 137
467 150
467 161
310 144
541 159
551 148
575 144
583 145
587 154
591 140
603 148
602 141
613 155
623 146
616 138
618 131
626 132
637 131
654 141
655 131
670 137
641 148
678 131
672 129
616 128
627 120
621 121
607 124
601 124
599 129
599 121
600 119
596 120
586 125
578 125
572 125
564 142
564 128
560 128
556 126
558 123
549 145
545 129
547 129
535 128
532 130
529 146
528 152
529 157
520 152
516 153
699 126
703 126
699 116
740 119
725 125
716 124
717 110
723 109
723 106
700 119
763 128
758 121
765 114
756 115
752 115
496 163
479 167
473 157
506 159
508 136
478 133
497 150
686 126
681 128
343 146
437 160
366 144
396 139
553 144
569 142
545 134
540 129
581 124
591 124
595 123
596 127
525 145
522 137
510 129
497 135
