108
318 280
436 300
465 273
478 196
473 140
420 129
371 177
380 225
249 146
232 156
219 125
263 121
305 94
355 116
348 99
397 116
395 90
362 94
362 85
346 74
326 68
306 80
318 58
308 61
292 52
297 47
286 40
276 56
256 57
271 39
265 35
258 35
247 29
262 23
254 23
240 37
228 44
235 51
219 89
209 80
167 118
117 133
78 165
57 139
37 133
11 143
44 103
97 102
115 105
130 103
130 74
109 71
92 67
77 60
162 84
180 64
181 54
183 39
176 34
99 31
125 32
158 42
168 67
164 34
207 36
229 29
239 16
230 13
214 7
210 10
208 3
196 12
191 19
181 25
167 14
175 10
185 6
180 8
157 12
158 3
147 21
140 16
136 3
128 3
53 48
41 44
30 50
11 88
4 82
4 113
65 38
58 38
72 23
1 16
12 27
15 11
43 10
48 12
52 22
59 14
76 17
85 17
88 6
78 7
69 5
81 26
36 1
92 1
