69
12 180
25 174
28 168
44 165
49 163
43 155
53 161
62 157
65 160
65 157
58 155
74 157
78 157
93 154
96 158
100 160
115 157
120 166
95 165
81 169
78 167
77 161
74 172
66 179
62 175
66 188
80 178
87 185
80 195
71 223
66 231
82 159
82 156
91 267
68 273
50 266
99 304
41 342
142 267
131 260
153 224
179 162
185 169
195 208
186 239
194 235
198 243
203 235
173 256
171 283
217 255
229 227
233 176
256 177
262 177
270 160
290 161
275 207
278 205
267 210
259 216
260 227
273 227
292 229
317 168
299 235
323 236
330 258
383 307
