120
469 372
421 379
428 363
434 359
372 370
441 346
452 340
451 328
419 316
425 342
396 350
386 331
384 323
365 329
395 322
397 313
397 277
413 275
394 295
479 320
499 319
492 318
467 316
461 295
447 296
438 298
446 257
453 260
451 252
504 299
495 287
489 292
507 270
498 264
508 253
474 267
380 328
317 359
311 356
343 344
335 365
182 339
156 345
114 350
240 321
186 250
173 232
170 239
172 268
162 259
156 268
154 258
145 266
144 257
138 260
137 256
128 261
113 259
102 263
107 270
94 266
116 279
83 283
78 287
71 282
67 280
93 250
66 253
68 250
68 243
71 246
79 244
84 243
102 239
109 241
111 240
119 235
129 236
133 234
138 239
136 235
150 235
156 237
176 229
121 277
55 233
26 249
28 280
37 274
22 275
12 251
10 255
6 259
16 283
7 287
1 301
63 286
63 263
55 254
52 246
48 243
31 249
115 228
39 252
42 256
1 258
444 235
449 232
446 225
475 225
461 220
133 345
196 328
455 219
129 223
133 223
445 219
447 220
474 218
486 213
