268
41 145
24 129
4 174
23 211
66 156
102 163
97 153
89 121
116 118
30 83
23 76
43 70
146 368
272 374
328 396
316 287
341 266
349 242
355 227
274 235
244 221
347 164
429 188
374 215
540 275
567 199
528 136
540 113
563 106
642 180
700 178
644 240
685 266
279 110
303 113
309 125
271 149
376 129
395 122
383 129
55 53
120 70
143 86
150 87
158 83
162 75
159 63
157 67
177 60
178 70
177 76
175 92
183 102
176 128
187 145
196 122
199 105
208 112
227 119
219 69
202 64
59 40
66 37
43 23
18 67
93 59
169 37
178 36
179 31
176 24
173 23
179 24
181 23
268 53
281 49
294 57
276 61
260 74
259 93
268 89
277 75
289 75
295 78
326 104
348 102
343 75
332 69
319 59
329 45
336 48
343 50
346 49
349 35
353 36
350 42
378 32
374 44
366 53
368 62
363 81
380 99
377 55
406 91
411 50
404 53
386 40
388 32
410 25
406 34
414 33
416 41
429 56
435 48
439 38
432 35
423 29
434 28
442 58
464 84
484 78
500 66
494 39
488 39
505 66
513 61
514 53
517 67
546 70
556 78
558 41
534 41
541 36
525 37
512 40
516 35
510 30
499 32
472 39
464 53
445 46
447 37
440 32
453 34
448 27
444 26
458 32
447 14
455 22
460 19
463 21
466 18
465 32
486 23
495 20
503 23
513 21
517 18
524 19
536 25
536 18
541 17
485 12
493 11
504 8
508 9
514 10
514 6
523 7
533 8
537 8
533 13
544 8
551 16
544 29
548 41
506 4
533 5
496 15
516 27
556 33
557 25
561 17
555 13
549 5
556 5
566 10
570 7
574 11
578 4
580 16
576 20
727 66
718 60
701 56
697 68
749 95
667 64
666 49
663 44
675 35
651 41
642 31
628 35
628 27
642 51
601 45
605 41
595 36
588 34
582 46
565 45
571 43
570 36
674 15
680 15
688 15
695 15
701 11
724 21
737 30
755 23
763 30
767 45
767 35
656 25
649 21
635 20
625 19
615 21
601 20
599 15
593 16
651 13
643 11
663 16
739 11
750 7
765 17
733 5
742 4
712 4
718 5
697 5
657 8
668 8
668 3
674 6
678 4
683 3
687 4
691 6
619 9
623 3
631 3
647 5
642 3
637 11
611 23
639 18
594 7
592 3
602 3
604 9
607 3
567 2
579 10
612 1
758 29
