136
53 452
1 489
14 368
56 303
150 303
178 301
187 351
291 348
332 320
348 401
411 364
412 315
583 330
624 281
550 246
747 273
761 403
705 183
677 160
633 170
763 134
767 88
703 49
665 25
649 4
625 7
604 11
659 99
527 119
519 20
412 6
397 59
373 88
379 84
319 87
348 95
293 61
271 60
262 72
241 111
173 210
207 226
241 261
273 275
315 210
359 210
432 170
469 165
177 104
206 75
202 48
184 60
150 139
115 141
155 178
108 112
82 131
34 155
23 184
11 190
8 212
7 117
28 99
46 88
12 88
26 55
64 1
90 57
69 71
85 48
94 15
126 19
117 37
124 29
145 52
159 41
176 32
188 40
202 27
206 4
197 4
235 11
242 16
257 19
303 20
329 11
356 14
214 121
129 84
12 54
61 132
95 95
140 122
227 10
273 16
282 15
289 18
294 3
307 3
346 9
705 5
674 22
583 26
567 5
16 44
33 31
57 55
72 42
5 20
54 8
123 56
143 23
142 77
393 25
342 64
353 38
367 13
429 9
270 28
221 13
610 57
464 23
475 12
488 51
498 38
491 14
569 32
619 44
633 27
739 15
763 23
717 6
761 2
723 119
668 216
579 104
