83
225 439
184 386
82 334
88 303
66 282
6 353
167 247
190 239
224 257
269 209
303 189
308 179
365 172
352 151
384 133
426 142
440 174
493 125
527 119
549 165
515 211
623 248
717 259
587 359
390 313
347 305
336 255
14 536
664 105
631 101
727 103
27 144
58 130
69 93
17 65
81 81
59 50
109 49
129 61
162 63
188 44
203 46
212 46
150 23
62 22
229 28
237 34
250 33
281 43
305 47
313 37
317 44
325 50
287 66
288 29
273 24
257 24
193 16
215 11
245 22
179 65
121 37
126 11
615 22
628 24
699 46
504 14
495 39
472 29
466 13
417 111
394 86
365 77
344 43
362 34
349 6
402 46
424 29
94 5
68 7
33 7
5 5
592 10
