84
407 401
274 410
131 378
86 308
144 324
182 298
44 222
1 229
23 153
120 102
173 90
171 111
198 84
223 69
242 40
254 41
246 59
261 57
279 45
271 41
244 92
213 129
233 151
241 159
354 159
394 157
547 230
599 218
669 134
697 115
557 106
501 103
474 94
389 73
313 18
327 5
346 3
354 12
371 23
370 41
379 43
385 33
382 14
388 2
393 1
395 6
393 14
407 3
403 33
403 49
420 35
430 46
430 22
423 2
430 6
457 8
444 2
465 9
459 25
482 9
483 4
484 20
509 1
508 9
507 21
505 29
514 54
530 62
531 21
561 7
570 27
558 53
574 40
606 44
629 67
645 30
683 54
688 119
701 9
703 46
709 57
731 4
478 1
499 1
