92
349 323
375 349
405 337
288 322
399 270
424 278
463 266
483 190
439 155
426 131
385 135
370 162
323 160
299 136
276 145
26 266
64 301
141 260
112 223
94 192
71 156
1 162
121 162
160 172
178 175
178 175
197 247
222 177
227 142
178 136
154 100
143 95
113 94
165 105
185 114
212 125
238 119
289 119
310 122
481 137
457 111
507 103
460 83
470 51
81 148
199 82
205 76
224 80
236 89
243 80
254 80
281 100
263 98
267 77
275 67
282 80
297 74
311 57
326 56
343 59
362 59
393 74
415 62
417 54
410 43
393 49
424 49
438 42
441 54
448 51
500 43
446 6
462 3
468 3
475 14
413 13
416 6
378 19
303 10
308 10
315 4
339 10
182 17
187 24
195 24
209 19
102 27
42 30
39 34
15 217
1 33
5 34
