243
227 566
351 544
108 348
117 249
155 219
439 378
494 347
454 204
450 171
311 192
372 181
323 166
47 255
42 150
702 211
538 200
542 163
515 180
493 155
486 126
456 133
438 151
408 145
375 151
326 134
435 112
466 107
473 98
504 92
528 87
544 88
576 90
565 147
601 140
625 156
670 126
655 106
625 100
673 100
274 92
314 88
353 84
392 85
81 73
138 78
178 63
214 49
237 46
246 69
261 56
299 73
316 69
339 77
287 45
32 44
5 44
66 39
98 41
85 31
103 31
110 32
117 28
135 28
153 29
170 27
166 28
7 36
12 27
7 19
1 21
43 17
25 10
209 28
195 38
196 30
189 24
184 38
181 44
179 60
238 25
253 23
270 27
271 38
293 39
284 28
293 23
299 22
303 28
308 29
322 31
315 36
338 35
334 39
340 27
348 33
350 39
357 34
212 21
220 15
226 19
194 15
249 18
252 19
245 13
241 12
234 13
209 8
197 5
94 18
91 9
106 9
570 79
548 53
535 52
521 69
508 74
505 63
492 62
484 60
472 74
451 75
436 82
439 70
433 60
401 68
408 52
421 44
455 62
458 43
468 47
477 46
502 51
501 45
401 34
395 28
406 20
398 12
422 20
432 23
425 34
441 23
442 38
446 40
460 35
457 21
472 27
472 37
452 12
419 10
403 11
410 11
481 33
482 38
496 33
503 35
516 33
512 28
510 39
490 20
527 27
527 33
522 22
543 14
616 62
600 61
595 50
591 44
582 41
585 38
600 36
619 38
620 45
642 34
638 30
649 41
653 47
655 64
668 57
675 35
669 35
662 38
663 32
658 23
690 61
693 51
704 51
715 62
701 80
677 86
726 57
738 46
732 33
710 31
696 28
688 28
703 22
681 23
749 176
742 141
575 51
564 44
554 47
261 17
274 12
264 10
291 12
304 17
307 12
132 18
141 17
151 13
144 9
123 6
168 20
228 11
239 3
264 3
273 2
302 4
314 4
319 9
323 6
316 2
327 1
343 4
355 3
370 11
373 36
375 5
371 1
425 148
392 208
432 3
400 4
391 4
573 16
694 214
116 4
147 9
66 3
41 6
13 153
431 34
