185
281 296
305 293
341 213
310 212
316 175
316 154
303 151
328 151
344 151
222 206
198 196
225 182
157 187
67 204
46 200
44 193
31 171
3 163
28 146
55 133
2 81
8 81
4 73
11 86
7 88
16 90
11 100
11 115
8 120
2 90
31 102
41 102
39 86
23 88
40 83
49 83
54 78
61 81
69 82
86 81
92 78
109 72
115 66
117 64
118 75
124 79
133 72
136 71
117 91
108 90
123 132
165 137
184 133
168 87
162 86
167 76
154 73
159 73
151 75
151 64
154 62
160 66
168 65
170 61
175 69
178 64
188 71
191 69
185 89
194 100
308 125
330 121
263 122
263 113
257 106
253 100
235 122
199 115
205 95
212 80
201 82
195 74
204 69
208 65
221 64
218 70
227 62
255 80
265 82
265 77
278 69
288 83
267 93
301 93
321 95
325 91
322 82
341 87
356 83
341 72
331 68
318 67
307 65
367 65
357 64
416 80
380 77
411 67
424 69
422 75
428 59
429 86
434 80
430 96
408 112
403 58
172 69
193 87
184 43
190 41
193 42
194 39
177 42
180 41
174 43
198 40
509 113
511 92
509 58
509 51
504 54
493 75
495 70
494 54
473 81
474 77
464 70
445 45
451 38
464 40
474 42
430 45
426 39
423 47
418 44
408 59
416 62
420 63
414 60
411 44
298 74
295 59
299 56
306 57
309 50
314 54
340 31
349 35
301 32
305 31
441 33
444 31
476 31
456 54
460 57
302 183
63 106
60 95
71 98
75 74
200 64
186 65
299 32
300 44
302 58
375 75
457 40
468 38
470 36
465 53
343 60
466 78
448 57
444 58
422 58
