100
23 267
35 254
50 245
37 178
51 174
42 158
25 155
26 146
19 147
10 167
53 88
25 91
36 110
54 106
73 106
93 108
102 108
111 110
108 125
131 123
140 120
146 130
152 106
186 99
185 90
174 114
169 113
205 111
160 148
124 153
188 144
202 145
208 164
217 147
224 142
245 113
248 135
233 176
164 221
137 241
131 201
136 186
109 193
101 184
233 90
243 84
252 82
252 75
237 65
242 63
232 69
253 110
227 80
243 71
263 61
269 73
273 61
276 75
280 70
292 104
277 104
278 110
274 110
268 110
273 117
227 153
277 150
288 140
359 104
369 96
370 89
389 89
380 109
361 143
367 124
360 130
400 141
371 212
401 194
439 216
453 141
502 102
488 145
479 139
466 107
454 104
455 100
453 96
457 133
307 324
291 301
244 75
247 63
243 57
272 68
294 61
298 61
259 70
380 94
376 202
