168
111 341
262 418
253 382
30 256
101 259
83 267
123 240
158 228
156 193
162 173
122 170
104 162
58 169
27 177
6 167
7 146
6 130
20 122
29 108
40 106
40 90
46 98
55 97
62 103
73 103
59 132
46 137
87 126
81 102
86 100
101 97
107 132
128 143
175 145
197 170
210 171
216 150
212 127
198 119
198 111
173 118
157 113
154 97
135 102
122 104
111 100
118 88
119 84
110 91
163 90
230 115
91 90
266 85
286 85
284 76
293 61
264 114
282 104
284 126
326 124
337 115
344 127
379 113
402 139
369 194
326 191
297 188
265 192
244 196
400 193
286 243
317 217
409 252
456 237
435 216
455 193
496 194
456 124
425 116
417 110
433 91
302 73
298 60
296 54
418 69
409 54
416 83
429 84
465 82
472 82
458 97
482 128
463 112
491 112
502 111
524 132
553 103
560 97
546 83
570 81
579 76
579 86
553 184
537 184
591 173
592 218
630 166
645 152
659 149
660 137
641 115
620 128
615 105
591 115
663 119
673 101
590 80
598 83
608 79
623 73
615 40
637 83
662 92
672 89
665 80
675 78
686 75
689 83
693 93
706 97
707 103
714 110
682 138
688 128
721 119
739 112
741 121
742 128
749 104
757 65
738 66
713 69
722 61
671 40
670 29
674 21
680 42
686 40
707 10
705 34
712 41
741 34
753 10
628 8
632 8
632 74
606 85
442 386
618 487
618 322
539 302
515 332
706 295
727 322
737 199
757 91
85 208
4 195
