86
37 332
61 261
30 256
234 336
481 275
496 128
503 72
507 54
498 36
508 29
509 67
491 57
456 27
443 35
431 38
424 38
424 54
423 45
455 54
458 65
447 54
451 67
478 86
476 61
498 67
468 89
428 84
407 59
421 119
405 98
382 97
364 107
361 97
352 75
352 65
334 80
332 67
303 82
300 72
267 80
253 52
242 35
249 31
231 25
228 34
188 25
285 34
291 38
306 34
335 32
352 47
369 30
165 32
151 63
128 64
122 107
99 96
97 77
92 64
88 76
76 62
64 62
56 62
76 86
12 78
4 67
281 27
23 34
93 37
95 28
83 21
114 24
105 21
100 6
89 4
85 7
108 10
105 12
202 49
200 24
208 34
121 20
405 31
494 57
264 48
276 74
