122
34 563
449 383
408 386
365 339
335 317
563 330
576 291
99 271
78 229
68 130
36 95
95 97
158 154
199 170
256 129
251 121
285 141
299 135
328 153
384 108
388 78
376 72
365 70
323 74
302 62
291 64
278 64
264 71
248 74
222 66
197 77
185 74
98 136
357 38
347 36
384 42
394 37
461 189
441 182
472 188
486 174
517 168
526 167
538 146
559 160
554 141
517 105
766 212
760 203
763 190
764 176
763 166
753 181
372 77
400 29
406 37
400 38
413 45
418 51
421 35
429 38
436 42
444 47
446 40
455 43
462 47
458 27
469 41
474 43
470 48
490 39
487 48
495 42
498 45
501 52
514 42
502 35
508 30
499 23
506 22
510 20
512 17
516 27
515 34
525 37
530 45
536 47
542 50
561 43
538 34
530 26
533 19
525 19
542 28
546 24
550 20
555 37
563 36
566 20
564 12
572 19
568 12
569 8
571 29
574 24
585 28
582 29
586 35
580 38
592 42
580 50
589 37
605 57
601 63
615 54
651 61
629 74
663 73
758 156
94 512
216 522
292 548
