414
130 503
175 447
214 306
204 231
236 213
251 181
191 184
235 151
288 164
295 125
320 124
368 134
282 324
326 551
357 489
475 341
589 291
605 262
634 486
699 427
510 176
468 168
556 184
605 190
599 164
593 142
632 116
652 101
555 114
701 114
717 116
709 147
504 118
493 102
449 102
431 148
471 142
293 109
251 105
142 119
93 124
84 112
66 110
23 141
20 201
8 110
12 89
83 90
92 79
129 77
141 81
140 94
164 86
159 74
178 79
188 87
206 83
212 76
220 84
228 77
208 68
209 55
244 66
266 60
275 72
291 58
299 59
303 86
318 67
322 89
334 73
348 49
31 44
38 42
45 37
58 38
60 33
61 43
75 50
83 45
93 38
97 37
102 42
131 59
153 58
157 50
169 46
155 35
145 36
138 36
113 32
131 29
151 28
160 31
162 26
168 27
175 27
175 34
170 38
7 33
9 30
4 24
21 28
26 26
24 31
26 36
34 31
41 31
52 25
67 29
88 30
94 31
109 32
71 23
61 22
63 19
71 15
66 12
61 12
54 16
58 14
54 13
54 21
48 20
45 14
48 12
39 21
42 21
36 15
38 12
34 12
26 13
29 18
25 20
21 15
21 12
12 16
15 12
9 13
5 12
5 19
1 21
1 16
4 16
2 14
2 12
1 11
2 9
7 8
8 6
6 6
10 6
14 7
18 8
19 6
27 8
30 8
36 8
40 8
42 9
44 7
59 8
49 8
56 6
67 8
70 9
74 9
78 6
82 8
110 16
128 24
147 19
147 16
155 15
157 22
94 26
97 7
106 9
121 10
86 6
84 3
89 4
94 4
98 4
80 3
77 11
185 22
188 32
186 46
184 32
184 17
173 17
166 20
162 19
160 14
168 15
160 13
155 12
198 50
196 43
199 34
194 26
190 20
189 13
197 13
198 16
205 26
211 22
215 30
223 21
205 14
212 13
214 13
225 14
233 19
231 16
235 15
229 22
237 29
235 40
218 44
253 50
262 39
253 34
250 21
256 21
262 19
267 99
277 30
291 30
270 33
266 38
281 15
285 14
271 19
273 16
258 3
270 3
566 89
514 82
484 64
468 80
401 86
713 83
696 87
659 70
632 61
605 71
608 49
570 50
661 51
684 58
693 51
731 32
695 26
662 28
653 27
635 31
598 29
587 36
622 45
634 46
585 21
607 18
574 19
563 16
554 16
548 12
533 13
506 26
526 25
522 13
516 14
503 12
503 22
492 20
490 12
480 29
474 32
473 50
446 29
454 16
465 16
421 31
408 34
396 27
424 24
364 42
369 33
378 27
368 23
361 16
366 16
372 17
380 15
383 21
393 13
409 18
417 14
441 18
435 13
429 12
335 52
342 35
356 32
306 25
302 20
301 14
310 15
322 17
328 13
324 12
354 20
259 51
329 10
347 9
356 7
361 8
316 8
307 7
320 3
386 10
382 9
378 7
400 6
372 6
496 9
509 9
543 4
765 228
760 139
681 20
705 14
736 14
730 23
712 6
693 5
740 1
630 8
608 11
613 3
605 3
623 4
593 9
565 3
577 3
571 14
530 8
489 5
497 3
504 5
433 4
437 1
453 5
448 3
405 7
417 8
420 4
407 4
412 12
238 8
217 8
208 10
139 10
164 4
160 5
166 10
114 5
123 3
106 5
104 4
121 5
133 8
111 29
117 8
175 10
188 1
388 2
379 3
39 5
32 4
30 4
29 6
26 5
21 2
24 1
14 2
15 4
9 3
5 2
9 1
2 2
52 5
52 2
47 1
35 1
60 2
63 4
39 2
473 5
468 1
461 1
480 2
335 3
345 2
66 4
13 54
18 59
20 53
18 47
12 49
41 2
56 3
86 3
