169
127 521
249 548
273 365
207 375
200 331
91 392
12 388
5 351
607 236
671 224
533 154
487 164
315 196
272 196
155 167
93 183
54 165
33 171
34 119
52 110
67 114
95 122
115 125
139 109
172 126
196 118
227 115
252 109
343 111
373 113
357 103
468 116
671 100
573 81
561 78
554 71
537 73
511 81
488 67
476 68
480 63
447 71
426 67
441 61
470 68
496 63
484 59
535 64
538 55
554 55
569 51
605 56
618 57
626 62
634 68
641 54
649 49
669 55
679 50
652 90
739 92
486 46
530 45
559 37
573 33
574 43
589 45
589 35
594 48
628 48
671 35
683 38
689 41
691 34
699 43
682 31
653 35
621 28
634 29
645 36
654 24
650 18
640 20
637 16
638 23
660 17
655 15
674 19
679 15
664 8
676 8
680 7
669 17
685 10
685 7
688 7
691 10
693 8
703 4
706 10
695 4
691 4
712 7
715 28
724 24
721 16
707 39
721 34
725 37
728 30
727 47
735 15
732 13
738 36
735 32
743 26
757 41
741 19
747 18
763 17
11 135
19 100
25 103
109 78
135 94
199 99
200 94
222 100
255 72
263 68
271 95
277 97
307 95
308 88
323 83
107 124
112 114
7 104
348 94
356 89
346 88
287 54
297 52
301 58
308 53
280 62
276 54
750 139
739 10
719 8
729 7
752 4
762 3
713 1
716 1
706 3
699 3
726 4
742 3
748 2
745 3
755 10
758 3
674 4
641 9
658 10
628 9
734 1
728 1
