146
205 296
283 313
354 323
51 195
316 208
406 223
275 169
163 151
386 117
364 121
419 112
477 134
482 164
505 114
88 116
160 120
182 116
138 90
37 94
60 95
1 42
4 30
9 18
6 9
20 15
26 19
20 27
17 21
18 46
53 48
38 39
62 43
78 38
59 23
35 13
42 16
60 15
66 17
72 10
79 3
83 3
86 5
113 2
108 5
85 11
96 13
102 10
97 7
108 12
122 8
122 2
130 3
138 1
95 20
107 19
135 20
127 11
100 36
119 37
101 47
129 45
144 52
152 53
153 19
140 55
168 2
160 16
141 11
172 61
181 12
103 5
89 13
45 8
195 3
194 16
209 9
205 36
224 24
229 2
243 62
242 45
265 48
283 56
297 43
238 6
245 5
236 11
236 17
225 13
217 2
218 6
210 1
204 1
252 5
258 1
263 4
269 3
279 1
272 16
261 12
280 14
310 12
318 7
345 2
348 16
324 32
348 65
507 50
480 49
509 29
485 31
484 23
490 18
499 8
491 12
486 1
466 3
472 1
462 8
460 2
450 11
445 5
433 5
435 9
442 38
437 51
429 29
418 11
400 14
399 7
389 6
376 29
383 37
368 38
368 28
369 4
363 3
362 26
498 1
340 3
379 2
455 1
383 8
46 22
52 17
54 9
