93
485 345
448 331
453 268
460 261
457 250
338 295
289 307
279 312
147 295
181 295
200 304
209 296
192 277
198 252
199 246
132 290
137 296
121 281
111 282
336 227
388 234
391 228
422 237
385 229
290 227
250 217
220 232
200 233
191 236
198 229
501 228
501 217
500 208
472 209
287 289
493 159
500 175
494 171
482 169
475 170
464 175
456 168
452 180
464 197
479 197
484 207
442 194
451 195
449 197
442 178
439 172
445 167
437 173
413 176
398 170
397 164
384 174
372 165
371 171
367 176
369 176
358 174
367 190
363 201
371 197
390 203
396 203
405 197
405 204
408 188
344 172
341 162
351 153
341 165
301 170
270 181
259 180
248 183
242 163
229 197
223 208
217 202
263 200
261 194
271 208
276 205
295 206
306 200
311 208
332 219
199 196
176 200
492 200
