70
120 342
93 309
159 301
204 286
237 348
13 286
51 253
19 251
27 181
63 190
116 161
117 137
407 370
344 325
373 304
410 277
427 263
370 241
379 160
401 154
430 188
455 179
491 170
499 196
494 230
448 221
291 170
347 134
335 127
266 113
210 146
195 157
243 196
225 235
185 181
192 203
161 182
164 140
63 118
40 100
43 151
4 143
13 82
296 207
403 204
130 134
116 128
74 111
46 137
57 170
36 176
231 107
259 135
316 122
333 176
371 187
382 193
421 166
462 162
466 143
15 109
52 83
54 66
4 118
89 115
139 104
86 156
99 168
19 127
39 115
