96
116 311
222 395
357 403
33 237
23 216
16 136
62 102
94 149
104 136
110 118
164 180
205 171
286 200
349 240
341 144
302 142
411 144
441 144
499 121
471 100
470 86
442 77
418 81
293 125
290 98
318 83
346 69
82 60
89 58
101 73
131 83
146 109
176 126
202 113
216 130
179 101
166 79
196 76
232 92
242 77
258 67
279 90
282 43
284 32
308 52
323 65
327 54
333 15
345 26
375 34
375 26
390 48
406 46
417 44
455 35
469 35
495 26
489 7
506 9
501 22
522 24
522 40
511 34
545 20
551 9
546 6
559 24
567 55
588 66
574 16
567 3
597 12
682 218
759 223
748 208
585 124
614 11
633 13
647 12
657 2
684 11
695 12
719 51
702 84
732 90
735 69
752 80
763 93
740 24
723 19
718 26
731 12
736 12
748 19
760 16
396 2
