98
92 277
32 259
78 113
17 97
102 83
278 81
321 88
321 73
363 84
432 86
501 96
504 175
590 190
701 210
53 64
74 65
69 72
96 68
107 65
83 56
271 30
404 18
404 13
407 6
386 3
416 59
527 54
546 45
616 42
637 45
679 35
626 13
611 13
578 13
575 5
549 13
537 13
503 34
482 37
456 46
479 30
496 1
498 22
506 18
552 2
559 3
597 2
589 1
713 9
736 10
759 2
759 13
490 2
477 2
170 273
252 297
19 458
15 108
75 73
120 74
438 42
413 71
446 51
394 54
301 44
256 96
313 78
287 86
388 26
746 9
752 8
490 19
471 21
513 30
395 2
389 13
399 18
381 18
376 27
374 22
371 22
366 20
362 11
362 24
256 57
283 29
288 26
292 22
381 31
381 13
552 6
554 20
566 14
579 22
604 9
587 44
642 7
654 4
