79
342 360
184 377
45 289
89 245
44 193
2 197
96 156
131 132
156 162
174 161
171 134
174 83
151 84
131 78
68 95
61 91
41 100
10 91
2 95
461 153
481 155
479 119
506 100
396 117
377 104
361 100
345 97
308 104
331 157
315 163
247 101
270 108
207 114
103 117
90 132
123 112
140 127
352 144
376 142
372 74
412 106
231 114
215 118
405 87
417 88
434 74
436 87
380 57
365 57
506 37
280 37
276 63
283 50
301 61
354 78
363 77
413 73
99 114
82 125
243 136
234 136
264 112
257 81
332 104
314 66
341 63
367 63
396 62
422 84
319 34
316 36
358 33
271 83
330 143
362 92
382 104
491 46
495 35
510 24
