102
218 571
217 391
689 496
766 268
65 268
85 243
91 183
122 157
144 212
189 242
130 132
144 70
181 66
173 110
203 139
233 121
280 187
287 228
349 183
393 213
382 173
396 150
302 125
283 103
309 49
332 35
361 44
388 51
409 44
440 67
463 92
478 119
501 88
490 198
527 139
554 122
586 99
625 89
639 69
667 96
661 49
691 132
708 110
766 90
732 73
743 52
721 47
761 33
1 29
9 16
42 18
30 41
20 31
29 62
63 47
76 9
148 20
137 31
137 46
163 33
226 77
217 62
250 70
255 32
252 9
274 18
315 7
303 33
371 24
387 15
421 23
466 30
473 27
516 36
512 8
493 5
461 9
623 11
650 22
692 48
703 31
144 43
115 13
139 1
171 14
187 2
223 30
1 51
255 1
268 1
536 120
179 171
606 23
519 26
398 62
166 189
332 112
252 89
275 54
280 42
233 34
111 244
