117
431 221
370 231
298 265
251 258
244 282
148 233
128 208
119 197
272 210
300 218
325 206
376 205
317 186
307 186
356 196
371 195
395 156
392 140
342 151
9 98
21 97
24 102
28 105
9 108
46 115
43 131
54 128
31 141
20 172
73 128
79 125
79 132
83 135
109 125
119 126
131 130
153 133
164 119
156 127
150 103
173 119
161 113
137 95
146 93
153 95
159 93
168 97
185 98
179 100
203 115
186 123
205 128
211 117
221 129
212 145
214 151
235 115
242 115
249 143
269 152
277 148
287 139
299 133
304 137
328 128
322 128
321 111
342 139
357 141
363 135
374 136
393 129
406 135
400 108
407 109
415 102
390 100
392 93
382 97
368 99
365 124
354 107
355 100
349 97
339 102
340 98
329 99
399 121
400 103
394 75
386 79
383 81
372 78
366 77
374 76
360 86
362 82
359 78
355 85
344 88
355 81
370 77
378 78
411 75
461 87
468 85
456 98
470 92
457 91
485 89
485 97
482 99
499 81
509 87
508 101
506 109
317 262
