412
557 532
702 470
219 452
200 424
198 193
197 167
186 147
249 123
263 165
269 159
285 187
291 168
333 203
343 176
259 260
276 138
293 131
296 123
301 137
326 139
326 121
345 111
380 148
410 115
398 106
422 103
449 115
474 172
457 236
502 221
505 118
534 107
582 133
569 127
605 182
663 167
693 154
617 121
626 111
683 136
664 74
671 73
676 62
686 63
695 55
688 55
696 44
691 100
682 80
704 126
733 110
738 85
736 74
760 61
767 90
752 114
761 128
749 210
721 200
145 84
157 81
160 79
150 78
140 68
142 61
154 64
159 67
162 60
158 60
172 83
194 79
198 77
205 72
210 61
217 81
221 96
234 57
245 58
228 77
232 82
239 89
248 93
269 98
276 92
305 105
314 101
304 88
282 78
284 71
277 68
274 64
254 74
255 67
257 53
270 62
274 53
268 51
289 54
285 44
271 38
272 30
274 29
275 26
281 26
280 32
282 40
277 38
274 36
291 43
293 37
290 36
288 34
286 38
292 28
286 30
284 26
300 49
300 44
299 39
297 34
298 30
299 29
302 28
305 26
298 27
295 28
305 35
308 31
314 36
316 31
314 30
309 40
311 46
301 64
303 61
318 50
319 46
323 48
326 52
326 59
326 63
320 38
321 33
324 31
321 25
332 41
329 38
330 33
327 26
333 25
341 33
337 36
336 32
334 35
336 34
337 65
340 55
340 51
341 46
345 48
350 52
357 68
369 68
357 49
366 47
350 45
360 35
356 25
347 35
351 23
359 25
362 26
364 27
365 29
367 31
369 28
364 24
364 22
370 21
375 22
324 7
327 12
322 13
335 6
341 6
342 3
315 12
305 12
303 12
299 13
379 22
381 20
375 28
377 29
380 28
382 27
388 28
385 38
381 33
381 42
375 42
369 38
367 36
374 47
374 56
384 56
388 49
385 43
390 40
394 30
387 14
392 18
396 20
400 26
395 23
406 19
405 31
401 35
397 36
397 41
396 44
402 49
399 61
404 48
400 49
402 70
411 56
412 45
416 39
415 30
410 29
409 34
418 31
420 35
421 43
425 60
431 59
435 66
443 67
441 55
437 46
431 47
435 39
434 35
430 35
431 26
432 22
437 23
437 17
440 29
436 28
443 35
443 29
447 30
449 40
447 46
458 39
456 34
460 30
463 27
461 24
451 27
451 22
450 58
460 52
468 52
466 45
469 37
469 32
468 26
470 15
473 61
480 52
486 53
491 48
494 39
486 38
479 30
477 20
489 18
489 21
492 17
498 17
485 25
488 28
496 29
491 32
503 31
502 24
506 22
506 17
510 18
510 13
512 25
518 21
521 20
520 32
517 29
509 35
515 32
507 44
504 52
513 43
523 36
525 32
531 19
530 12
533 12
543 35
539 42
534 34
526 63
549 62
549 28
546 16
549 14
554 15
553 36
564 57
565 44
571 35
565 36
592 50
606 62
609 52
601 74
608 85
614 83
580 76
622 58
636 57
670 42
674 23
647 11
653 11
415 92
399 92
384 98
333 105
314 77
263 86
386 69
398 81
409 76
429 82
453 77
463 66
169 65
169 76
671 330
146 63
132 67
135 69
144 72
149 71
202 365
259 53
260 58
274 58
279 55
282 58
269 73
273 77
258 75
302 33
304 32
319 27
341 26
323 56
312 65
311 57
318 63
322 70
321 77
299 84
286 94
385 62
362 55
366 58
304 42
328 88
353 82
370 94
388 77
308 123
366 204
251 170
233 130
225 112
219 112
106 518
705 93
592 383
517 268
461 158
430 162
453 158
408 125
674 164
589 135
569 56
585 41
574 41
659 51
527 45
696 19
484 32
447 37
427 29
458 26
471 24
443 25
