252
66 382
155 363
498 333
279 318
240 289
211 267
179 313
54 275
74 246
103 230
60 225
10 205
25 200
56 190
312 236
357 294
358 264
358 236
381 198
418 208
427 205
438 232
464 205
482 276
478 160
510 147
492 125
490 111
490 77
508 94
472 46
491 39
511 37
443 31
482 29
502 19
474 7
436 29
462 85
434 44
445 114
431 111
402 96
380 81
371 80
360 40
379 38
376 117
367 98
366 146
379 148
388 139
399 132
400 152
386 188
331 173
314 158
326 120
320 110
328 101
337 93
255 167
299 185
278 147
291 132
288 116
312 95
217 162
224 154
214 132
210 119
175 144
181 164
162 147
168 116
181 111
157 106
145 113
128 130
121 115
114 111
110 126
97 114
89 114
87 120
81 120
91 125
110 144
125 165
82 145
67 142
52 126
22 126
38 158
56 172
27 182
13 168
2 95
14 104
8 91
6 87
12 86
16 84
22 92
25 82
27 89
33 90
40 89
44 84
46 79
50 81
58 93
48 97
58 86
36 96
42 95
78 93
73 95
87 93
91 86
77 85
82 80
86 73
94 107
118 105
114 103
115 98
110 97
126 98
117 89
116 74
109 75
111 65
108 61
112 59
117 66
127 67
99 65
91 62
85 64
97 81
100 78
78 71
82 69
73 67
67 72
62 62
59 70
55 72
63 74
61 77
46 73
39 71
35 73
32 73
24 73
19 76
16 76
32 83
8 77
7 80
3 80
1 84
29 74
11 78
17 78
13 96
72 89
68 86
69 79
73 75
130 70
123 84
134 102
149 109
146 97
153 101
154 94
149 82
143 86
147 67
153 69
161 82
159 76
150 76
170 72
184 66
190 67
179 75
183 74
184 92
174 86
167 102
200 67
214 62
218 62
218 56
208 50
224 82
209 86
196 80
245 82
227 66
229 56
236 55
236 53
247 66
245 60
246 56
250 56
253 52
254 64
260 68
262 60
265 55
263 51
275 85
277 80
272 81
285 56
288 48
275 58
274 63
216 72
301 59
305 50
304 40
310 48
315 45
321 45
326 39
333 42
354 45
360 42
372 39
355 67
345 69
327 82
317 62
315 73
5 241
65 113
106 71
89 67
161 56
203 118
231 121
139 148
147 124
136 168
151 163
200 170
