71
37 310
56 286
78 375
40 266
66 211
32 203
27 190
61 200
80 210
63 273
120 223
154 226
164 230
177 227
210 225
205 282
195 280
243 347
434 347
383 332
324 321
298 283
443 305
420 294
362 290
346 285
344 260
366 252
387 252
389 275
443 247
469 210
393 216
404 223
405 214
417 196
367 198
242 224
194 175
210 176
202 163
206 165
226 167
279 175
285 169
300 172
303 176
315 168
317 197
288 173
405 193
384 193
383 205
374 180
359 189
342 187
341 177
329 172
321 167
425 158
436 156
446 160
432 189
458 192
478 200
489 207
498 192
482 177
462 169
509 218
511 193
