174
54 473
242 424
200 370
426 309
435 263
519 308
579 364
607 278
572 252
576 216
534 206
474 234
303 284
745 316
743 259
765 272
753 181
707 189
691 210
53 298
80 300
118 288
86 238
93 204
30 240
25 219
17 206
16 166
13 144
40 170
33 159
133 214
157 192
184 192
181 211
180 227
187 255
235 204
221 192
211 168
232 171
255 180
279 195
296 203
320 224
323 193
353 188
362 222
362 178
321 158
297 174
302 152
289 134
265 164
269 180
253 153
252 142
239 153
226 119
209 144
198 150
202 158
137 153
144 135
130 135
90 151
71 150
89 193
57 106
70 103
92 97
129 99
190 122
164 133
319 113
334 146
361 151
358 145
354 130
366 128
329 94
634 179
674 165
677 143
727 136
734 111
767 135
765 106
761 77
742 80
735 91
727 93
720 104
695 101
678 106
637 97
609 120
555 147
500 189
452 145
439 148
431 147
420 180
400 175
407 159
399 136
386 143
400 126
413 128
411 119
411 111
429 120
460 127
477 137
469 138
502 135
515 127
492 124
465 102
453 91
430 94
404 97
393 111
392 132
387 120
413 93
430 84
423 78
412 69
406 67
403 78
457 145
505 114
505 97
517 110
524 116
538 118
531 102
520 71
538 69
543 102
564 100
565 90
569 84
572 97
583 94
595 98
602 65
577 66
566 65
742 66
438 70
424 67
387 69
244 81
268 82
285 78
337 72
350 70
377 108
378 85
377 72
397 107
339 152
715 48
746 49
737 42
581 60
572 60
575 53
569 45
644 79
651 87
324 79
