130
485 308
192 215
255 177
226 149
275 124
305 163
322 189
350 182
383 147
390 117
443 148
452 105
455 190
84 34
81 43
107 57
104 25
114 26
122 34
121 54
137 45
134 33
140 29
163 20
168 36
173 45
179 40
190 37
227 19
236 54
209 49
214 73
277 54
273 43
265 40
267 5
278 5
287 6
268 11
273 12
277 18
284 21
290 19
283 27
280 35
283 45
296 46
295 39
305 18
310 15
299 9
311 41
308 33
316 52
309 60
311 75
335 39
346 2
333 1
347 24
345 66
355 60
364 91
378 60
376 30
380 26
367 24
364 15
362 10
353 11
373 7
371 3
382 2
387 1
390 10
402 11
381 16
397 49
391 70
421 61
422 35
418 10
433 13
428 14
411 5
427 2
317 147
328 135
335 127
341 102
455 33
463 14
461 4
478 10
493 5
498 20
487 41
475 33
469 72
484 84
504 71
504 56
403 307
268 301
92 37
122 22
128 21
96 25
92 25
76 34
166 146
218 93
108 34
247 20
252 35
252 61
253 53
280 83
276 70
252 140
377 207
338 28
355 25
409 22
338 1
462 50
391 98
327 121
403 173
347 147
