152
136 339
364 375
230 282
178 238
192 184
211 182
282 196
319 272
251 271
272 287
383 219
328 182
127 137
64 135
45 123
85 132
168 140
392 203
405 210
437 179
462 175
45 110
51 104
53 89
62 81
67 93
67 109
92 101
91 89
41 80
26 96
5 93
58 53
45 48
68 57
81 56
76 60
60 69
44 73
22 39
18 47
115 66
108 61
109 83
113 84
120 82
127 78
116 104
169 125
150 119
175 136
208 121
176 98
163 97
149 73
144 65
120 65
111 57
120 47
126 45
132 54
125 55
127 64
135 67
150 61
154 61
164 59
163 73
174 59
178 74
190 84
187 69
184 24
187 30
197 26
214 33
212 27
222 24
227 25
224 38
238 24
142 19
147 20
193 75
198 69
214 79
204 97
218 105
229 87
226 74
216 70
211 54
220 49
232 68
225 68
239 77
245 76
251 75
248 89
252 115
253 88
31 55
293 49
257 32
232 16
305 50
258 83
264 73
265 85
282 93
272 53
298 117
286 134
304 113
324 122
323 135
331 122
320 92
395 168
388 147
371 128
389 130
409 143
411 162
435 153
451 155
476 155
490 159
504 144
473 107
440 133
333 90
336 95
326 77
324 69
328 59
336 70
340 83
356 59
366 58
381 65
392 59
407 70
412 71
412 63
394 106
425 105
451 143
458 138
478 105
426 88
421 89
