114
519 496
589 441
480 365
342 371
330 388
273 358
236 328
177 365
97 396
100 380
74 426
62 354
40 345
50 284
55 282
68 268
67 254
39 254
31 249
731 352
686 284
643 284
702 256
529 297
401 263
333 252
245 248
214 248
169 233
643 220
652 193
714 182
745 204
749 200
754 145
751 144
726 134
712 125
656 133
670 146
676 149
687 177
705 151
713 147
716 150
729 170
703 245
561 253
551 241
519 199
519 192
517 184
557 177
565 156
557 132
555 132
540 134
533 133
527 133
535 137
529 134
517 136
521 139
522 150
532 158
504 157
511 172
560 141
522 135
465 173
480 179
493 179
512 175
514 178
414 183
426 179
432 178
430 182
440 177
429 175
459 177
380 175
382 156
352 165
350 163
403 180
282 234
292 224
307 225
245 227
266 191
310 172
320 165
299 155
286 166
271 180
261 181
257 180
247 183
212 187
158 226
173 228
125 166
236 226
41 186
55 184
65 186
19 191
97 417
92 187
78 187
83 189
330 160
708 128
