151
717 146
714 151
710 151
706 148
695 145
691 146
687 149
680 145
674 146
672 144
664 148
662 148
659 151
663 156
671 154
682 153
691 154
695 157
698 153
705 155
719 152
727 155
722 155
735 153
725 149
728 170
650 155
646 152
633 160
634 167
656 175
663 178
754 209
741 221
683 203
675 209
749 222
643 204
628 203
623 195
617 158
609 152
597 149
596 154
587 157
611 183
594 208
578 182
752 239
730 262
690 270
571 162
558 164
556 160
549 169
541 163
515 167
503 171
500 160
496 180
487 176
490 173
468 179
484 190
452 181
445 185
455 192
477 204
475 200
515 174
525 179
538 174
567 181
559 190
553 202
561 204
554 210
517 224
508 231
436 223
440 241
553 165
654 311
630 317
633 286
602 278
513 265
500 260
417 242
385 223
380 213
377 192
359 193
445 92
470 90
478 93
448 126
433 123
429 128
419 136
376 141
352 155
327 167
317 166
331 227
334 216
326 189
307 181
313 194
306 212
305 219
299 207
278 217
272 213
265 203
233 207
218 190
165 199
237 239
242 249
307 227
371 365
393 380
308 399
286 366
259 378
275 421
224 401
156 359
117 330
60 346
137 468
95 445
57 465
39 460
3 431
25 311
8 299
123 291
107 284
83 244
69 246
55 222
52 212
67 209
92 199
117 198
113 192
74 211
53 208
6 241
