105
512 353
507 296
421 253
415 222
404 203
410 179
534 131
570 119
647 159
678 133
721 147
730 118
754 157
631 127
608 106
588 81
544 99
501 91
478 108
483 74
416 172
407 151
415 130
401 121
418 115
399 79
528 49
523 46
517 34
547 23
567 25
588 26
607 21
625 25
619 20
639 15
639 32
580 11
587 3
570 9
539 12
514 21
510 7
523 7
536 7
373 89
366 86
345 75
377 56
385 60
393 55
377 48
395 38
369 47
415 43
375 22
389 25
400 29
410 27
421 25
438 24
415 24
410 12
422 14
435 11
453 12
453 46
470 40
477 40
438 1
436 5
130 20
132 16
145 21
140 38
155 36
167 39
190 40
220 42
236 48
213 26
223 26
245 21
275 21
279 57
476 9
486 14
491 1
508 1
522 1
546 3
610 126
403 4
382 14
404 19
412 1
409 3
416 7
559 1
657 13
711 27
706 25
732 30
750 31
645 8
