212
204 373
361 356
157 359
111 373
103 275
141 257
4 25
19 28
4 88
6 42
43 38
47 27
41 45
54 40
55 50
54 59
23 75
12 142
27 124
42 96
55 84
68 53
66 33
84 50
82 18
78 23
83 27
54 28
63 101
77 127
87 115
107 123
102 113
86 87
120 90
96 24
101 41
105 42
174 92
252 132
268 145
154 75
163 71
203 72
309 107
242 75
252 66
267 71
312 74
333 77
211 51
234 49
147 38
154 22
161 18
148 21
138 33
140 25
133 30
132 24
115 30
109 39
116 46
107 30
190 21
186 33
175 36
185 48
203 39
210 20
206 18
203 18
196 18
170 19
128 3
107 17
102 24
125 8
135 9
153 8
163 10
168 2
170 12
166 11
177 15
185 13
140 9
128 16
118 17
120 30
165 16
227 16
223 27
234 38
251 35
244 24
234 16
231 22
190 17
160 2
143 1
148 6
151 1
142 7
186 3
199 7
211 3
213 3
217 1
223 9
230 3
205 11
240 7
247 3
254 6
258 5
261 5
266 3
280 10
281 3
277 4
271 1
278 1
292 3
294 1
286 2
302 3
300 1
308 2
316 1
324 1
332 6
330 8
337 3
323 8
329 10
336 30
325 29
319 21
318 12
318 8
314 7
308 7
312 11
319 36
332 38
306 42
290 42
285 39
274 42
262 40
244 52
238 15
265 12
269 6
268 24
255 26
284 16
291 14
302 14
300 8
285 11
297 25
305 26
297 20
258 1
263 1
288 7
287 3
337 7
336 25
341 4
346 1
356 7
353 7
346 8
343 33
347 31
372 4
366 6
374 4
384 3
387 1
380 2
372 10
358 26
365 27
368 27
372 27
376 24
381 25
382 29
386 5
357 48
341 50
341 44
372 54
358 82
115 3
84 41
72 41
78 50
176 10
191 12
157 16
237 1
241 1
195 5
157 5
275 6
303 9
339 71
