72
488 222
478 222
489 243
508 268
491 285
468 302
427 328
422 293
446 256
457 243
458 211
451 203
431 197
421 198
411 204
423 228
429 252
390 286
380 229
366 235
355 225
344 215
358 204
373 163
403 163
333 297
341 289
336 359
242 359
182 309
114 342
87 272
62 280
66 247
31 240
5 249
188 274
172 264
198 266
219 258
251 274
261 288
278 293
312 278
320 258
161 201
194 203
309 190
320 189
321 185
337 182
348 167
343 194
174 196
185 198
132 226
155 214
141 275
123 256
189 288
279 366
448 328
433 287
407 246
376 209
399 191
366 199
200 300
382 203
388 228
333 208
201 196
