148
1 200
48 228
46 193
81 192
89 172
133 192
212 163
227 374
254 395
544 378
601 450
678 408
474 330
331 275
306 262
295 287
291 209
269 219
276 211
280 181
268 153
254 155
342 226
374 226
347 173
369 180
381 177
396 154
414 150
486 173
511 172
569 179
591 176
711 181
725 196
757 213
100 92
77 224
112 245
109 84
139 108
174 106
186 83
202 83
213 83
227 84
230 84
241 104
214 104
241 120
242 127
285 126
303 114
325 126
329 131
314 135
300 140
297 133
279 146
255 141
249 136
767 113
755 107
765 85
757 74
750 74
743 68
737 66
764 56
676 61
664 60
682 57
684 54
688 54
728 99
724 89
719 87
711 94
703 92
692 81
685 79
686 89
683 81
676 70
687 76
645 73
649 58
646 59
642 61
646 64
626 65
601 65
587 64
585 64
586 80
506 64
505 77
528 77
544 106
533 103
537 117
555 123
521 120
499 137
493 130
486 117
477 124
480 127
474 119
468 121
471 131
461 126
446 113
431 114
428 107
438 127
433 120
426 119
421 131
406 114
685 119
679 97
662 101
658 96
650 111
641 101
603 98
354 114
358 111
362 114
380 107
388 109
384 109
392 119
389 122
381 124
371 122
410 128
409 122
416 123
134 66
103 89
164 81
195 85
207 84
213 86
215 85
230 106
