123
55 527
142 564
210 548
216 478
297 454
270 375
111 351
171 320
71 162
55 105
22 48
53 72
61 54
30 15
91 29
62 21
101 102
117 116
104 148
142 167
193 155
295 252
329 269
361 297
553 521
680 542
752 450
708 398
629 427
635 357
553 326
474 295
571 275
521 256
435 221
385 252
307 184
278 150
273 117
334 104
402 142
472 182
213 57
183 69
156 40
142 36
137 7
176 12
244 38
251 62
318 91
296 27
301 14
333 24
355 5
344 47
370 42
354 62
378 80
712 280
673 309
635 269
645 177
697 192
680 154
714 166
752 176
760 195
745 231
758 258
546 209
580 179
617 148
598 132
578 117
521 137
517 165
471 117
487 113
628 137
443 102
472 62
456 51
448 44
388 16
428 15
460 33
491 29
505 86
527 23
508 6
489 14
634 7
643 16
652 28
676 24
665 58
676 62
649 99
598 104
610 91
569 59
605 51
600 40
593 40
645 44
423 192
760 126
710 98
704 75
716 70
721 81
743 80
719 38
702 56
710 16
735 9
746 25
743 22
731 96
209 3
234 6
599 14
