78
383 483
563 473
638 379
43 273
154 337
290 363
456 216
371 225
326 205
257 115
241 91
189 90
171 83
161 61
166 39
125 44
96 49
71 67
13 87
47 15
12 18
56 2
93 9
79 22
153 22
196 16
213 35
232 48
277 57
244 9
344 100
443 82
459 133
430 163
763 187
729 137
767 140
715 44
669 87
673 36
706 7
746 9
599 24
570 22
572 2
543 9
500 15
415 13
459 2
388 24
381 41
366 19
325 2
290 33
212 1
264 11
275 24
207 15
43 2
121 275
115 234
115 176
129 135
193 189
215 176
177 2
361 5
288 2
52 190
59 173
6 241
614 3
702 196
205 548
133 444
462 39
516 70
522 96
