171
86 371
150 396
61 536
14 508
159 566
43 258
19 203
8 190
80 196
104 206
464 430
384 516
417 352
552 443
676 367
672 296
708 296
588 221
520 224
473 192
492 186
521 183
551 170
596 162
525 156
485 133
456 156
444 166
442 143
407 166
380 170
365 164
375 185
397 221
349 249
343 192
322 166
294 169
269 189
279 209
298 218
307 152
275 144
224 176
220 166
207 185
228 194
171 178
146 189
150 213
135 168
119 148
14 85
38 83
48 82
42 85
71 90
81 92
88 103
71 107
64 112
61 122
47 119
42 113
94 127
113 121
102 105
136 113
157 133
191 107
182 94
192 93
207 102
214 102
189 140
215 138
213 151
257 114
261 100
262 89
264 84
249 83
242 86
268 110
271 119
299 131
288 102
285 92
298 96
315 126
314 113
323 134
320 142
329 96
324 99
356 107
372 99
368 75
374 73
409 122
416 78
421 80
430 76
433 76
435 109
431 113
446 106
461 107
468 70
474 78
511 42
507 35
517 46
490 66
493 73
488 78
474 96
498 106
514 114
519 126
532 108
526 81
530 76
565 63
571 60
566 71
559 79
578 99
586 89
593 102
599 77
600 111
615 86
628 89
628 58
634 68
650 75
655 69
645 97
660 55
654 52
709 95
700 79
674 66
662 61
673 53
710 47
717 49
728 50
735 50
738 52
759 41
764 45
761 58
749 61
728 64
731 56
708 63
722 71
732 93
750 105
746 131
748 74
766 75
672 112
659 114
691 59
691 44
747 94
502 78
505 31
