82
121 461
191 345
205 391
132 286
112 271
87 223
32 172
19 122
54 144
57 135
123 153
126 89
141 159
170 169
191 175
235 169
235 226
170 297
357 494
438 443
322 239
321 192
401 182
424 174
414 136
425 118
446 139
453 105
328 169
344 162
357 153
366 146
355 136
448 295
426 333
551 304
677 560
735 400
683 286
646 287
611 248
508 153
488 137
507 113
515 90
520 113
573 122
584 121
582 105
549 167
544 150
614 219
669 179
660 160
646 124
632 126
672 111
702 124
707 134
713 115
743 147
745 124
747 109
734 173
717 205
760 225
603 22
606 23
610 21
614 24
628 18
641 14
632 25
639 23
573 23
483 17
488 17
745 30
742 31
755 25
763 30
756 113
