138
14 360
36 213
77 210
93 204
116 201
161 230
169 167
214 201
250 297
234 297
247 273
262 249
262 265
288 254
406 339
256 235
248 204
256 202
264 195
276 217
277 185
277 210
448 413
420 401
415 273
389 269
488 290
508 286
581 361
589 398
699 393
728 345
738 419
721 495
762 534
624 269
536 252
477 250
461 250
428 197
355 204
354 152
366 151
405 170
331 148
354 141
325 138
338 195
421 166
434 166
439 166
460 163
448 127
434 123
473 195
490 203
557 186
496 154
511 127
516 123
525 126
537 124
547 147
565 244
602 243
609 232
601 227
577 214
589 206
582 193
603 205
603 215
642 217
645 197
688 200
705 192
726 202
627 179
589 162
734 229
738 202
742 191
766 161
752 143
687 179
703 177
699 152
680 155
649 149
659 143
641 149
633 142
565 184
600 164
591 157
583 143
596 142
603 148
610 141
616 141
621 123
618 116
628 118
637 145
649 131
645 129
575 133
566 138
556 138
552 131
542 126
677 146
684 153
704 145
700 137
676 130
672 131
661 133
683 112
686 112
694 112
692 111
709 122
715 128
717 134
726 126
726 139
738 132
738 125
742 121
748 126
766 141
765 130
729 117
719 112
710 114
691 107
235 136
