267
198 372
520 564
230 366
58 215
92 223
116 225
102 260
428 343
375 350
567 308
537 280
655 267
501 269
467 280
461 206
489 193
260 65
247 75
218 79
206 77
161 103
136 115
105 105
96 107
76 112
151 166
173 132
198 129
174 174
227 129
294 111
275 166
305 155
317 152
357 133
379 141
353 210
373 101
375 83
359 76
343 72
341 59
380 57
319 63
325 72
305 71
306 61
293 33
309 15
317 16
312 21
344 16
357 19
350 20
347 31
345 33
317 49
326 50
328 40
317 40
353 47
387 18
398 21
387 66
389 31
416 29
419 20
415 34
424 30
425 38
424 44
401 56
393 106
404 93
415 72
425 63
435 40
433 25
447 38
445 13
442 17
446 20
425 21
431 76
442 95
449 86
464 92
460 85
449 65
474 68
456 18
459 31
463 32
514 69
573 99
585 109
499 56
506 53
536 54
616 80
565 56
573 49
584 53
618 55
633 58
542 38
559 36
494 28
500 16
504 14
495 16
487 25
489 18
484 22
483 18
470 22
466 29
471 34
464 22
527 15
523 25
515 27
522 36
536 29
541 15
538 13
536 13
531 13
512 14
480 2
464 12
460 18
478 6
485 6
499 6
506 7
510 1
512 9
509 8
517 11
522 10
489 7
480 12
472 12
474 22
508 12
554 12
551 20
559 29
572 26
567 18
559 12
557 17
526 12
504 2
491 1
495 4
497 1
491 5
523 2
533 5
542 2
544 2
547 1
551 7
556 2
538 8
564 5
569 2
574 5
577 3
579 4
583 2
594 8
595 2
592 3
587 1
593 1
603 2
604 1
598 1
611 2
609 1
615 1
621 1
627 1
633 4
632 6
637 2
626 6
631 8
636 22
628 21
623 16
623 9
622 6
620 5
615 5
618 8
623 27
633 29
613 31
601 32
598 29
589 32
580 30
567 39
562 11
582 9
585 4
585 18
575 19
597 12
602 10
611 11
609 6
598 8
607 19
613 20
607 15
577 1
581 1
600 5
599 2
637 5
636 19
640 3
643 1
651 5
648 5
643 6
641 24
644 23
663 3
659 4
664 3
672 2
674 1
669 1
663 8
652 19
658 20
660 20
663 20
666 18
670 19
670 22
674 4
651 36
639 37
640 33
663 40
653 61
470 2
447 31
438 31
442 37
516 7
527 9
502 12
562 1
565 1
530 4
502 4
590 4
611 6
638 53
