115
77 312
31 315
123 217
77 220
9 151
31 101
258 122
285 107
304 128
323 118
386 148
398 172
425 151
54 70
28 70
107 79
138 74
167 59
143 26
119 26
123 8
198 39
195 64
197 49
230 49
243 38
281 59
258 65
285 47
331 65
365 70
380 41
356 30
359 15
419 9
413 29
431 32
439 55
433 92
401 53
403 85
457 38
449 26
446 6
500 44
505 11
90 41
190 82
178 91
340 14
381 31
375 25
455 308
479 189
459 19
398 127
66 22
82 37
92 22
77 3
85 1
32 1
16 37
35 17
19 14
6 115
78 114
210 113
203 99
182 190
215 186
212 227
311 248
87 276
148 17
152 11
171 4
178 19
183 15
141 13
122 37
217 8
225 31
277 33
276 47
284 22
292 31
307 41
311 44
327 33
347 42
304 15
330 14
306 3
294 10
328 1
263 21
268 23
253 12
249 58
370 49
361 50
393 17
394 5
368 17
421 2
485 4
491 29
460 50
419 46
433 42
459 74
320 305
401 299
121 117
