157
97 336
4 191
48 186
118 159
132 181
190 157
209 173
194 135
235 168
235 126
275 150
226 107
338 113
212 416
216 291
195 254
279 236
365 110
415 79
417 98
388 133
354 149
388 173
379 212
358 220
401 157
453 107
450 72
437 82
471 95
501 160
530 157
554 121
578 115
603 115
675 95
650 142
686 123
719 126
764 112
751 178
682 204
613 181
712 241
643 293
735 379
569 369
535 333
581 91
550 91
544 68
513 51
549 49
637 55
603 52
585 63
596 76
738 25
746 7
720 48
692 6
646 28
598 4
565 27
532 19
546 19
492 11
495 29
473 33
479 25
448 41
482 55
485 40
180 237
450 151
479 161
559 42
506 36
268 109
540 7
224 71
181 84
308 112
322 92
355 99
378 94
143 287
129 367
93 412
400 340
416 310
455 229
327 306
278 171
328 162
378 153
260 160
144 143
25 280
33 223
17 320
350 96
391 113
413 115
439 104
484 170
476 191
439 145
645 458
497 124
498 109
500 96
491 99
482 94
531 38
424 55
432 51
456 30
459 50
560 70
503 64
617 58
623 38
660 30
631 15
639 27
599 29
606 29
588 39
447 91
568 38
584 15
565 18
524 3
556 6
505 3
466 8
558 182
752 51
715 75
733 60
728 62
659 79
669 64
668 53
677 7
692 15
717 5
628 43
628 44
724 26
766 29
750 38
741 59
765 66
764 92
477 4
