152
675 471
753 404
473 447
448 376
302 458
275 521
210 567
191 484
99 503
123 409
201 354
251 397
277 353
328 363
326 317
437 282
457 267
70 345
57 324
33 304
112 278
95 265
140 236
216 239
44 187
78 177
90 185
34 150
15 70
1 19
3 11
41 9
46 13
58 18
46 31
37 38
43 53
65 23
61 32
76 36
71 44
79 42
91 43
97 40
100 30
109 22
89 64
102 68
87 123
28 89
108 131
124 107
124 83
135 87
128 67
126 49
122 39
114 43
118 33
131 27
138 26
143 18
164 15
159 43
152 41
153 48
144 49
158 71
165 74
172 71
165 50
146 79
149 94
174 77
180 85
187 83
189 61
200 63
217 83
175 95
186 131
214 133
209 196
241 62
253 43
253 30
248 21
269 50
270 69
288 39
49 1
53 6
439 9
448 8
455 13
495 10
467 15
472 21
485 32
503 42
435 24
490 69
491 76
498 106
486 126
450 99
462 78
456 54
447 52
434 42
426 37
430 35
422 33
406 26
402 30
402 37
383 32
369 49
351 25
339 30
349 38
349 45
341 49
324 27
320 21
311 35
304 27
323 95
313 99
330 53
368 119
326 131
379 131
431 177
434 167
491 170
511 162
425 68
577 65
564 68
527 45
519 19
559 8
561 1
568 7
574 13
599 1
123 3
307 4
321 2
276 1
459 24
