184
215 327
239 357
276 322
366 326
436 356
4 184
4 171
44 146
34 151
51 161
53 141
53 141
65 146
64 135
88 156
92 156
88 141
97 138
107 128
114 129
121 138
125 128
28 112
42 106
47 103
51 103
54 99
62 96
75 96
73 89
440 216
474 208
337 160
307 151
268 201
352 159
362 160
58 136
72 112
90 102
92 93
92 81
108 103
109 117
95 124
128 116
154 114
165 134
140 142
149 153
176 157
166 181
208 177
219 126
249 124
192 124
184 111
191 82
208 92
225 93
230 76
240 78
247 74
242 61
220 58
212 59
200 60
194 62
228 55
233 51
238 52
245 52
249 49
252 51
252 51
258 69
266 78
297 66
290 124
260 130
274 164
385 128
388 113
394 105
394 87
329 66
315 54
321 51
331 53
288 54
282 56
272 55
266 47
273 43
276 39
271 44
296 43
284 43
298 52
294 48
288 49
308 50
313 45
310 39
308 33
304 33
301 33
305 27
312 29
319 27
322 26
327 36
332 26
332 23
339 31
343 28
343 24
347 25
349 24
367 58
365 46
419 86
430 62
408 62
389 61
393 54
398 45
414 46
423 41
433 49
423 55
419 56
369 26
360 19
361 15
364 17
373 17
374 15
378 19
377 14
382 10
386 10
387 12
390 10
392 9
393 7
396 13
399 10
407 20
443 47
440 11
424 7
412 2
418 1
406 4
400 3
403 2
441 7
434 4
437 4
453 7
453 14
461 15
407 12
466 62
502 109
442 106
451 91
484 53
503 53
473 14
477 13
481 1
497 1
507 11
504 13
492 17
424 2
420 2
415 2
509 32
499 30
492 35
506 156
