261
472 354
372 248
348 260
351 239
293 281
278 254
268 297
194 278
176 273
199 255
701 445
665 330
749 280
761 226
765 150
765 130
750 133
760 124
703 169
689 161
670 166
660 163
678 150
663 146
649 146
661 136
645 138
583 222
591 218
574 209
498 223
468 188
460 179
455 196
436 172
396 185
361 223
338 195
56 183
74 175
85 187
101 178
103 180
126 172
136 179
140 179
156 171
80 164
88 162
83 160
66 149
76 141
117 138
112 146
124 146
75 130
80 134
131 143
117 160
181 151
175 150
172 148
164 148
163 150
167 154
171 154
222 149
226 144
243 141
207 137
201 136
199 135
197 128
215 134
219 133
222 131
197 199
191 195
187 202
213 193
248 189
242 186
272 183
292 180
303 182
312 173
324 186
263 184
371 159
349 154
355 155
344 135
341 132
336 128
338 126
342 125
340 115
338 114
349 112
348 117
357 123
351 126
353 114
356 114
361 115
364 112
370 110
372 115
372 122
368 127
377 127
383 125
388 125
385 121
418 125
410 121
409 126
409 122
420 122
425 116
432 119
429 122
453 120
453 114
458 114
459 122
468 119
466 116
462 118
407 132
385 165
393 163
409 160
417 158
440 162
465 155
460 153
450 157
479 151
474 114
473 111
474 121
477 116
481 116
482 111
480 108
490 108
534 107
605 98
604 101
595 102
597 99
594 96
584 94
586 99
583 101
582 97
583 97
579 98
579 104
572 99
561 103
555 104
553 100
553 107
541 107
545 109
528 110
530 109
525 109
521 111
513 110
508 109
510 104
507 100
498 113
604 79
601 79
597 79
585 81
611 99
614 99
617 99
619 95
627 91
628 97
622 99
621 93
615 107
634 105
640 108
645 105
645 110
654 102
668 100
669 103
673 115
679 114
656 132
693 112
696 106
693 100
691 97
684 87
691 82
695 87
692 74
720 67
724 70
702 100
702 96
708 104
707 100
730 98
740 95
738 92
733 92
762 100
759 102
714 157
685 100
726 94
693 71
691 78
712 73
715 73
721 73
688 75
767 107
766 113
767 124
509 166
493 160
524 153
547 155
562 154
568 157
584 144
577 139
586 155
597 152
609 158
612 167
623 157
584 169
579 190
471 379
187 297
292 266
73 254
116 134
101 140
100 132
68 145
82 146
74 135
674 183
604 205
735 220
575 99
665 105
