98
42 365
7 359
166 381
321 359
203 336
124 334
102 334
59 263
28 227
50 221
67 221
74 221
102 217
85 170
67 164
119 260
141 270
231 249
150 206
169 170
176 164
188 168
204 166
218 197
242 326
290 324
300 309
289 303
257 286
274 275
265 257
293 273
292 287
345 290
348 263
405 267
428 256
456 269
325 239
273 217
467 305
472 270
477 255
510 215
491 190
404 239
426 236
420 203
394 207
354 199
367 191
343 199
332 189
242 246
288 219
277 210
265 191
283 189
292 198
301 189
310 189
317 164
312 155
326 158
338 194
354 175
348 173
255 177
243 185
230 184
224 175
211 168
391 195
401 204
427 193
421 182
390 174
384 175
370 178
398 150
403 149
414 149
410 148
433 162
441 170
444 179
456 168
457 185
472 176
472 167
478 162
485 169
510 188
509 173
460 156
447 150
435 152
410 143
