109
339 441
452 475
410 331
440 308
547 249
489 201
583 223
578 253
459 127
411 211
398 182
357 190
348 153
326 152
337 139
359 127
290 192
275 164
257 196
266 232
285 285
321 278
349 236
151 276
127 304
142 257
99 334
137 340
227 188
243 159
241 141
224 129
207 123
181 178
53 233
74 203
53 125
82 129
37 118
19 121
12 136
32 141
113 100
70 79
26 55
81 105
160 99
133 96
149 45
161 43
303 63
335 60
366 66
211 33
382 55
382 45
400 62
410 105
425 85
448 105
438 88
462 89
478 55
472 53
498 45
498 59
487 75
490 96
505 76
515 65
510 54
527 66
546 46
555 37
552 61
547 78
562 96
590 97
576 44
589 38
588 31
372 119
593 32
567 10
578 8
613 11
620 22
610 46
629 85
664 83
666 69
658 39
673 43
666 21
642 19
633 25
629 11
646 9
651 12
663 7
678 12
685 13
635 5
686 8
683 3
678 26
690 20
748 160
766 161
