90
39 288
31 275
38 221
53 225
49 246
115 264
246 291
221 293
197 256
182 221
173 166
115 170
69 169
80 167
223 219
214 215
225 184
203 163
194 164
249 188
289 154
306 158
322 158
296 184
275 185
357 216
352 184
357 174
320 184
310 192
397 197
404 197
402 188
394 167
398 157
385 145
468 253
445 200
449 190
419 188
414 175
415 151
412 141
402 145
396 137
435 151
459 158
472 197
496 204
491 166
481 158
458 141
501 163
504 151
376 188
122 173
157 169
162 164
217 172
212 181
210 189
308 243
346 209
267 239
355 199
414 169
417 164
438 177
474 186
465 178
477 176
434 142
266 228
279 204
281 193
287 185
242 175
174 242
179 170
211 164
144 264
369 171
349 168
340 197
326 187
460 206
476 152
466 149
498 153
411 136
