125
94 272
88 229
424 282
206 267
211 217
175 240
146 207
136 168
97 177
73 202
32 194
68 149
110 142
119 131
160 123
192 116
214 118
257 120
242 196
290 187
321 209
381 168
362 141
321 134
386 133
10 113
248 106
218 71
202 70
183 92
166 99
161 84
144 82
133 80
117 99
89 101
69 109
74 94
65 81
23 90
33 70
50 59
95 83
99 58
112 62
125 61
157 69
157 60
23 46
15 37
30 26
19 16
51 27
64 31
54 45
77 31
78 51
83 54
101 47
98 29
117 36
117 49
91 17
46 14
26 15
35 14
130 44
131 51
149 44
159 47
177 44
171 38
168 52
142 26
190 37
191 45
185 30
212 19
309 83
288 81
282 66
276 59
264 55
269 51
288 48
314 51
315 60
344 45
339 40
353 54
359 63
361 85
379 76
388 47
380 46
370 51
372 42
366 31
408 81
412 68
427 68
442 82
422 106
391 115
456 76
473 62
465 45
435 41
416 37
406 37
425 30
396 31
487 235
477 188
255 68
241 59
226 63
55 197
11 278
64 5
21 6
9 5
252 21
413 286
63 46
