189
417 271
502 343
475 286
507 267
282 248
262 180
305 186
381 211
365 186
404 189
442 191
459 176
481 170
207 80
190 70
201 66
195 70
195 64
211 63
214 68
220 84
220 96
238 94
251 87
261 85
227 66
222 64
241 66
246 62
253 62
280 67
288 85
291 71
298 81
289 65
303 68
300 56
304 56
320 64
329 67
341 60
352 54
351 61
360 61
347 78
330 117
348 127
367 120
363 104
370 98
388 100
391 97
392 89
378 76
371 74
389 54
400 109
410 95
423 111
418 120
412 134
367 50
399 48
403 41
410 67
417 50
421 63
421 73
426 76
421 84
414 84
397 31
392 31
388 29
388 25
391 24
392 21
387 22
398 23
397 21
394 25
402 22
402 20
406 21
407 24
410 25
408 30
403 26
406 32
409 48
408 39
413 33
417 30
415 26
421 25
426 26
428 29
425 31
423 39
419 51
429 53
432 49
434 42
430 34
436 33
437 28
431 30
441 48
446 48
435 59
442 58
446 61
455 52
448 45
444 33
445 29
440 29
442 25
447 24
451 26
461 26
455 32
456 36
449 35
448 40
455 42
460 42
462 46
464 41
466 36
468 37
472 40
474 33
471 33
478 27
474 29
468 28
479 44
483 37
486 33
484 28
486 26
489 25
490 44
495 37
494 34
491 21
498 17
502 18
505 17
509 17
508 21
509 34
448 123
456 110
452 100
475 93
447 78
436 67
437 75
471 135
474 120
494 113
499 102
509 119
496 136
428 21
446 14
356 87
358 79
328 76
339 81
321 114
315 98
393 77
416 62
415 40
405 37
393 35
424 22
435 23
412 22
410 22
510 47
502 39
496 53
511 55
467 55
424 308
