85
15 392
50 384
30 384
68 411
96 406
111 388
123 408
111 425
378 389
409 287
368 378
359 376
383 371
403 374
410 397
376 426
347 429
333 429
329 439
314 420
298 474
307 545
264 411
265 404
244 440
220 421
473 530
427 511
394 481
366 479
421 443
425 458
438 454
466 486
442 475
482 477
475 429
343 345
340 340
523 451
534 432
568 415
592 413
602 422
593 450
566 439
556 431
541 426
563 463
554 466
538 474
526 485
479 553
462 571
594 516
605 469
647 527
682 511
667 470
659 436
645 434
679 437
717 466
737 443
749 471
757 417
711 418
737 406
716 382
139 416
210 429
11 365
22 361
28 362
79 378
191 396
208 403
324 415
739 542
703 440
746 448
632 545
710 567
548 513
339 347
