98
487 333
464 278
473 208
331 215
320 194
300 169
365 154
417 154
453 169
455 145
483 162
496 90
503 128
472 93
471 78
462 101
454 119
412 73
394 86
378 96
368 83
253 36
265 29
253 54
286 29
301 35
296 51
303 61
334 30
342 43
348 44
364 33
369 49
361 59
375 23
383 20
389 17
393 16
395 17
403 18
388 29
388 34
394 45
418 51
414 39
418 31
419 20
422 17
421 14
428 16
430 32
426 37
439 35
449 36
443 34
443 32
450 49
440 60
429 69
436 12
438 8
440 4
445 8
449 9
449 4
454 2
447 17
465 52
477 51
462 22
462 10
457 5
464 1
476 5
470 10
476 12
485 11
488 6
485 1
496 5
492 4
508 10
501 39
492 36
481 25
245 28
299 24
283 59
265 62
270 56
289 60
378 34
328 48
334 50
375 19
342 30
508 68
477 129
