72
6 359
57 261
26 236
113 188
139 198
166 203
135 176
225 206
234 193
220 186
203 249
261 276
254 339
293 299
344 304
402 318
472 337
489 375
433 234
346 213
377 191
393 182
452 209
460 231
171 159
391 83
341 69
414 63
423 60
432 47
419 36
403 38
392 36
386 35
385 41
379 44
358 48
348 46
341 43
348 39
344 34
358 35
363 33
370 34
375 36
458 43
442 37
449 35
469 34
435 37
485 66
485 76
505 79
505 29
488 28
464 17
472 23
478 19
445 14
437 18
465 13
469 9
475 14
460 10
394 27
413 23
457 4
425 6
346 27
392 40
444 1
436 1
