85
434 280
376 243
396 248
367 318
328 288
284 283
32 278
139 339
341 186
281 169
248 161
229 137
210 149
188 169
164 195
146 245
98 225
64 179
15 133
4 119
18 119
35 107
54 108
36 131
53 150
62 129
92 141
66 150
82 98
89 95
112 110
114 133
132 120
141 96
118 93
151 86
179 117
217 94
250 109
259 74
230 75
194 74
265 54
247 42
268 32
285 47
306 137
328 139
318 103
309 52
300 27
322 26
341 27
7 9
11 8
48 7
56 4
61 6
99 3
104 1
87 1
430 109
452 112
470 105
343 49
348 24
365 24
375 25
414 24
430 67
446 64
484 70
496 98
442 25
429 20
416 13
412 5
433 14
443 17
446 11
455 1
470 7
476 10
485 10
499 9
