149
310 331
337 275
428 281
498 354
498 239
474 234
441 207
452 165
479 131
489 94
496 76
495 56
504 6
479 14
471 31
479 61
459 95
439 137
348 171
373 201
324 231
248 251
318 93
338 96
386 89
401 74
389 61
48 76
107 133
71 135
32 263
28 170
32 126
73 267
174 261
198 228
153 214
137 196
142 158
163 126
200 120
217 111
254 119
258 107
232 95
141 59
123 76
125 97
118 104
156 97
230 150
292 88
273 81
377 112
419 70
388 120
425 187
100 186
80 186
48 173
35 186
471 77
339 82
208 200
65 224
358 39
296 58
306 61
318 54
294 76
325 79
321 72
334 67
349 62
390 53
386 39
452 50
456 40
485 47
501 35
497 18
508 25
450 69
408 121
458 128
278 142
354 77
506 61
13 58
20 44
23 42
1 19
7 99
60 89
75 128
55 138
51 125
235 236
246 179
205 178
34 207
80 243
72 88
130 92
131 82
132 69
160 72
155 86
184 102
188 81
202 74
199 92
11 162
131 249
243 294
230 267
280 224
267 184
264 148
301 156
289 152
324 124
331 140
354 147
210 158
167 200
149 33
153 26
158 31
212 60
228 68
243 112
257 91
167 59
377 81
373 161
394 139
457 209
492 164
368 43
379 36
400 40
435 20
440 28
459 16
457 28
449 29
436 67
463 61
