347
57 208
76 196
70 170
88 149
53 128
107 117
119 162
136 126
251 241
231 167
196 125
199 117
218 103
193 95
203 95
188 103
171 107
178 93
291 174
303 123
336 160
417 113
429 135
460 123
455 98
466 95
481 257
479 170
528 131
507 129
498 121
470 141
585 131
579 186
612 182
639 244
654 307
700 253
756 305
753 226
714 204
709 181
762 167
736 150
742 131
685 143
692 173
638 167
675 208
656 147
660 126
683 129
700 113
732 113
728 79
622 126
612 113
763 48
742 60
748 49
734 48
727 55
719 44
718 57
712 49
705 53
684 52
673 44
656 35
657 44
646 40
647 35
646 35
651 51
636 52
645 48
636 80
629 64
627 55
630 51
614 57
615 64
595 57
590 57
585 64
565 63
551 55
544 67
536 60
516 76
527 68
518 52
505 52
504 67
496 55
488 67
482 55
478 69
469 64
478 98
455 72
463 60
447 59
447 63
441 68
435 53
441 76
428 87
416 76
404 90
400 93
421 64
428 52
404 55
406 68
391 87
392 71
394 55
386 61
374 59
373 79
379 71
370 85
376 95
391 99
355 80
355 71
353 63
363 52
346 52
341 68
337 76
349 98
328 99
314 90
276 93
297 103
261 88
252 98
235 79
252 63
264 71
275 64
285 64
268 61
270 55
267 48
260 49
261 43
270 44
295 52
289 59
310 52
332 52
341 52
332 61
329 71
239 53
249 48
251 57
246 68
228 68
234 69
221 71
206 71
185 76
191 87
170 75
126 95
113 91
123 107
140 105
93 88
78 91
30 76
21 68
32 68
22 51
13 40
27 35
49 48
67 52
70 61
51 76
88 79
100 79
120 59
99 61
92 45
108 31
114 31
120 35
125 40
128 35
131 60
137 19
133 22
141 22
128 5
101 19
93 8
138 55
151 61
158 60
171 52
154 40
177 33
180 40
189 40
194 35
179 28
207 29
207 35
185 55
194 63
218 44
214 40
225 40
363 72
55 34
70 31
62 49
35 56
40 54
55 75
106 65
233 112
218 87
214 88
245 81
212 60
212 53
204 51
184 29
124 20
133 32
100 25
98 29
91 20
85 27
79 29
72 24
59 23
50 21
142 1
138 1
115 6
122 6
122 1
108 3
96 5
80 9
73 5
68 5
65 5
42 61
16 26
7 26
44 24
100 44
113 39
95 34
286 42
279 46
278 51
296 58
357 55
224 52
419 94
464 75
574 68
592 207
726 49
90 2
78 3
125 16
166 18
170 23
172 20
172 39
162 37
183 38
186 36
161 22
148 20
179 6
186 9
681 46
7 237
529 243
650 269
482 153
516 143
538 163
195 172
199 138
71 100
41 82
9 48
80 67
138 75
143 88
150 94
40 36
48 33
23 38
39 42
30 50
57 56
78 40
85 56
105 51
87 32
140 33
143 57
151 45
148 32
159 28
166 49
88 13
111 23
17 54
85 8
139 4
147 5
112 17
110 6
130 12
80 16
30 43
97 2
70 15
209 26
214 27
223 29
243 40
233 50
199 33
187 15
294 81
300 72
304 60
318 67
314 65
313 52
319 50
323 57
