195
66 559
167 498
269 436
261 394
268 349
407 396
576 460
670 452
710 253
587 268
552 294
497 279
259 154
303 141
300 110
284 98
292 71
348 125
329 132
364 146
382 156
525 133
539 111
561 120
446 86
453 73
629 70
652 89
745 108
735 69
726 35
728 16
606 26
619 1
639 1
647 11
661 2
668 18
642 25
660 42
679 63
693 44
702 25
713 15
716 9
699 13
688 16
689 6
549 5
532 6
519 7
518 18
504 11
501 2
493 7
488 3
478 3
472 3
473 10
503 21
505 37
513 51
494 44
477 47
436 65
425 63
444 58
444 41
451 39
465 34
457 29
467 47
393 52
371 41
377 39
382 37
374 28
384 19
407 25
410 21
423 33
423 23
433 25
436 32
448 10
439 9
462 18
467 8
188 30
191 31
194 26
191 20
209 20
208 38
212 46
216 46
207 46
224 43
227 34
234 38
250 19
266 17
273 23
271 38
267 40
275 36
259 43
254 40
286 41
293 30
300 15
293 11
287 11
306 23
310 18
315 9
316 21
319 12
303 47
309 51
342 49
347 39
355 47
366 32
352 28
361 23
362 17
364 9
355 7
363 2
344 13
342 18
334 24
345 33
323 30
320 23
324 20
331 14
327 9
336 11
336 8
333 4
339 2
343 5
349 6
358 1
365 1
369 1
385 9
380 11
377 10
386 15
412 4
418 9
419 3
425 2
428 2
443 3
448 3
391 227
228 21
239 25
209 24
205 26
307 10
300 9
304 9
312 31
306 37
319 104
342 215
288 152
398 26
374 7
320 62
328 45
317 32
284 58
410 2
395 1
445 13
457 10
416 37
394 43
352 16
419 156
461 140
425 91
736 440
698 91
714 38
702 34
678 40
614 67
591 25
