109
107 549
124 392
43 395
129 265
77 234
64 198
3 197
246 317
207 288
176 243
135 231
251 242
220 268
284 252
271 355
321 473
752 450
633 413
748 384
670 324
488 339
418 282
347 237
311 212
302 179
342 169
396 171
430 223
455 168
472 172
474 195
494 248
493 274
539 280
630 280
672 234
711 249
635 182
574 201
551 162
574 131
517 103
565 97
536 106
597 77
632 58
656 61
633 111
668 132
700 145
757 172
683 121
726 99
754 84
734 87
725 76
716 54
689 58
760 64
432 16
439 16
450 21
455 13
466 12
485 12
482 9
476 1
462 9
454 6
458 3
445 4
439 2
392 4
385 5
388 10
379 12
372 12
373 25
253 54
262 57
279 39
284 34
296 57
307 58
294 21
357 26
360 3
77 63
109 84
153 86
145 41
158 38
168 38
101 49
111 51
134 40
4 44
4 21
42 57
67 53
67 62
68 14
78 10
87 7
137 5
154 1
578 550
79 52
405 20
