86
24 185
22 258
34 337
96 316
68 288
95 257
149 259
96 166
55 155
44 147
66 122
45 92
34 72
43 111
60 112
108 109
117 110
99 130
131 171
105 149
143 149
158 149
187 176
226 138
234 130
216 111
248 108
260 101
260 115
226 245
205 245
276 231
277 291
329 222
348 203
367 199
369 183
343 154
314 171
308 141
277 154
372 159
386 135
275 106
286 110
299 105
319 97
309 53
338 110
371 122
384 119
374 107
388 105
403 100
407 111
412 124
429 130
430 137
440 147
398 184
405 171
450 159
473 149
476 162
478 171
487 138
498 86
472 88
439 93
451 82
383 53
382 39
387 28
395 56
402 54
431 14
428 45
438 54
477 46
493 14
325 10
331 10
330 99
297 113
471 265
497 122
