103
103 336
155 332
249 314
339 372
414 379
440 330
379 336
313 314
293 307
381 258
480 235
498 266
420 215
346 233
306 246
293 269
282 263
234 269
241 244
243 229
145 238
125 219
55 244
17 256
29 264
26 242
38 242
33 191
38 190
73 183
5 156
5 120
31 130
57 117
36 120
36 116
41 111
72 111
77 111
19 113
66 152
75 129
131 131
130 150
141 171
21 123
158 137
179 193
193 187
203 184
223 185
225 177
140 126
132 122
137 120
142 122
160 117
166 116
149 118
185 120
193 122
197 117
201 119
213 121
214 115
225 116
224 129
238 127
244 117
240 139
253 139
260 122
276 127
268 143
307 171
367 200
362 184
372 172
376 155
356 155
495 160
510 162
510 147
489 142
476 143
452 154
449 148
440 151
427 144
430 134
411 132
413 145
394 137
395 130
374 127
361 125
329 127
315 129
314 117
304 107
299 107
48 119
27 120
