125
471 447
488 454
521 340
491 294
412 249
332 308
187 319
145 306
1 324
429 196
406 192
559 252
745 206
286 124
110 104
97 107
756 96
761 54
764 41
757 27
765 22
765 50
752 42
726 20
716 26
707 28
702 28
702 40
701 34
725 40
728 49
719 40
722 50
742 64
741 46
757 50
735 67
705 63
689 44
700 89
688 73
671 73
657 80
655 73
648 56
648 49
635 60
633 50
611 61
609 54
584 60
573 39
565 26
571 23
557 19
555 25
525 19
598 26
602 28
613 25
635 24
648 35
661 22
508 24
497 47
480 48
475 80
458 72
457 58
453 48
450 57
441 47
432 47
426 47
441 64
393 58
387 50
594 20
379 24
383 33
401 25
453 27
455 21
446 16
469 18
463 16
459 4
450 3
448 5
465 7
463 9
535 37
534 18
540 26
475 15
356 21
366 18
378 20
345 28
294 11
290 64
267 68
263 48
264 28
252 43
242 35
226 15
223 6
235 60
201 43
166 70
170 56
176 48
130 26
127 50
120 40
56 62
68 74
51 13
88 33
688 23
755 43
582 36
591 55
535 346
