156
486 303
430 244
117 297
9 262
47 198
28 212
121 220
85 199
170 230
111 189
122 129
100 135
37 140
59 120
49 92
20 96
35 52
57 60
72 55
80 53
84 96
97 91
8 101
41 49
116 49
134 55
158 43
181 43
203 34
219 29
222 25
239 11
244 37
241 31
250 31
214 26
123 53
75 108
122 96
142 103
153 103
163 101
175 111
180 99
188 85
196 97
208 83
216 93
209 129
241 125
232 117
239 83
248 75
281 173
328 157
511 163
489 124
456 115
419 92
380 98
259 94
269 90
283 102
304 107
322 114
330 91
300 87
292 91
282 80
259 68
272 70
270 59
255 41
257 29
257 22
265 35
278 53
285 47
290 43
303 41
270 35
265 43
278 60
315 50
342 31
355 41
353 25
370 35
362 42
372 26
382 28
381 38
389 35
324 79
338 85
357 87
364 89
375 85
383 72
372 78
410 80
416 75
414 62
445 72
429 51
409 43
400 41
397 34
415 28
401 21
429 39
437 43
440 31
449 39
453 33
210 17
216 18
243 19
254 12
256 7
260 12
247 14
475 93
476 72
493 59
506 85
498 34
483 39
457 43
462 36
473 39
483 32
488 34
495 25
413 14
402 10
413 9
416 6
420 5
429 4
442 1
455 3
462 2
465 10
474 1
481 18
487 18
485 9
503 20
498 14
496 6
504 4
510 1
508 33
504 36
507 26
