80
547 469
396 246
610 355
622 294
696 364
100 213
113 170
25 121
4 106
91 65
111 66
104 33
2 19
12 12
19 18
11 1
100 2
221 41
259 64
233 85
250 38
277 9
361 12
293 125
325 119
311 96
355 79
427 178
461 204
524 180
473 139
410 108
385 81
425 106
436 117
382 22
406 32
423 33
459 38
407 8
488 6
488 75
540 121
553 95
550 65
520 58
544 50
530 8
597 219
601 162
593 131
618 108
611 72
579 71
625 73
675 121
704 130
746 171
763 197
460 85
512 3
544 3
551 3
558 7
589 1
604 7
625 23
667 45
677 35
684 48
691 60
693 84
729 120
737 105
744 11
735 1
700 1
474 8
487 2
450 8
