85
99 462
72 360
62 245
84 222
14 166
3 120
67 91
92 117
152 249
257 184
303 182
287 157
373 165
411 238
457 166
509 265
523 325
601 338
606 160
637 151
699 158
731 139
762 113
742 63
721 63
690 61
695 29
714 35
729 27
625 7
592 53
551 7
503 40
514 29
506 11
505 4
461 11
299 90
206 72
212 59
155 120
99 67
87 63
114 40
101 11
230 22
25 80
13 64
22 63
8 36
561 16
105 116
241 193
414 185
459 41
441 31
481 16
508 16
496 21
589 20
652 34
685 17
738 7
89 57
96 56
132 9
146 28
182 64
171 112
280 74
346 135
105 426
234 7
246 1
273 18
310 5
324 3
237 17
92 33
437 22
536 2
577 6
661 3
764 6
766 42
