219
677 268
645 179
633 162
614 133
589 115
581 129
538 124
542 163
521 146
553 203
513 236
426 151
394 166
374 181
339 137
326 135
325 120
315 120
285 101
338 95
258 94
194 151
78 97
732 124
762 129
725 74
742 58
693 74
691 49
682 41
668 48
649 52
494 36
459 45
443 48
447 42
431 46
412 46
356 62
201 158
125 163
109 96
98 94
148 92
164 92
180 84
190 87
203 59
1 73
19 75
41 53
36 43
38 35
50 63
51 76
79 67
78 59
80 44
74 43
85 53
96 45
101 34
124 47
99 67
115 83
163 43
137 73
258 75
245 77
237 67
222 70
220 41
212 37
210 32
203 29
217 29
217 12
211 15
250 27
254 25
253 6
252 86
225 5
251 6
246 5
263 14
271 13
276 19
283 27
287 27
303 35
299 54
290 50
288 65
299 69
283 61
304 68
305 59
309 54
317 54
332 54
291 73
285 9
278 5
280 3
276 1
272 1
270 1
291 11
286 8
286 2
284 3
282 1
288 1
292 5
290 2
296 7
301 4
305 4
312 5
317 3
313 2
331 6
328 1
320 1
329 1
333 2
332 1
345 23
343 28
335 30
344 10
351 62
351 54
368 52
377 57
377 48
384 37
359 32
361 24
467 37
468 26
486 55
497 56
512 77
542 35
529 23
427 26
420 24
399 23
396 22
393 23
387 25
413 5
417 1
427 1
422 6
430 7
445 3
450 7
457 4
473 5
475 3
479 5
481 7
479 12
475 35
538 25
546 22
562 27
573 26
592 32
601 32
624 38
644 30
616 14
605 17
585 20
575 14
565 21
565 15
551 15
552 10
546 3
544 1
538 2
533 3
528 7
524 3
520 3
515 3
512 6
516 7
523 9
510 25
578 2
584 12
608 15
597 14
619 18
643 11
652 6
643 7
656 13
668 12
674 11
684 17
662 12
629 52
747 11
639 13
91 89
96 83
93 89
613 12
541 53
623 10
404 16
400 15
