104
489 327
507 287
449 276
417 279
364 255
291 256
260 277
171 278
102 304
20 356
437 146
388 181
349 181
334 144
375 127
278 136
295 129
264 140
216 215
198 141
122 185
158 127
150 227
58 187
88 180
2 270
33 115
24 96
15 86
5 80
22 77
31 67
58 91
46 68
75 65
94 80
79 96
56 106
44 82
124 82
169 69
193 90
202 117
219 116
233 82
247 80
258 68
283 70
314 108
368 93
429 72
82 54
97 54
116 48
121 35
138 42
156 38
169 34
211 34
207 54
192 58
180 55
148 51
160 52
5 90
288 51
306 49
306 37
284 33
274 38
258 38
269 118
487 106
399 58
373 51
386 49
420 38
337 47
302 36
336 29
338 26
348 25
382 23
400 25
356 9
371 9
346 14
421 14
442 11
493 33
504 22
262 27
266 19
237 24
189 31
199 32
203 18
329 5
320 5
334 14
279 3
209 92
314 43
446 26
