151
168 314
211 292
128 208
108 164
268 189
307 139
354 186
402 286
419 354
468 351
447 283
507 328
21 93
2 88
25 77
44 82
74 56
135 109
133 93
16 19
10 7
4 3
23 12
32 10
44 10
47 1
66 18
73 14
76 1
109 16
90 5
30 5
122 14
123 1
104 1
110 1
117 1
129 3
136 1
140 22
153 44
177 53
161 17
154 2
170 6
163 10
179 19
209 33
202 27
178 4
186 5
192 14
201 17
196 18
197 6
165 1
160 1
208 8
213 3
207 14
226 20
237 7
231 1
225 2
244 20
251 12
265 10
272 23
267 36
263 31
287 50
300 36
303 21
282 24
278 13
287 13
286 1
311 16
315 52
335 37
340 36
345 76
355 62
375 99
393 143
413 163
422 130
406 116
409 85
427 83
431 86
437 93
470 126
480 83
499 80
499 64
468 40
470 29
486 47
494 44
429 53
451 67
402 56
396 49
385 39
362 40
353 36
340 13
330 21
351 4
373 7
368 4
364 11
359 26
381 11
380 6
387 6
395 4
404 6
416 16
419 8
427 11
432 6
436 13
446 9
448 5
439 1
458 7
461 6
466 6
471 9
478 11
463 34
485 12
484 2
497 7
490 6
498 17
294 1
307 3
315 1
337 1
358 5
404 35
407 33
420 37
425 36
435 44
436 37
443 35
431 36
