242
186 256
246 251
286 250
366 267
409 278
452 253
474 266
366 155
296 157
235 151
220 136
202 145
160 147
120 160
116 197
111 221
87 191
49 212
28 191
75 166
75 146
39 145
15 170
48 131
29 139
18 155
5 133
2 93
117 112
127 105
146 93
176 93
200 90
112 80
99 82
86 83
70 88
46 77
245 81
233 79
222 71
213 69
202 75
197 81
190 62
22 79
25 77
18 75
20 74
2 75
26 74
24 73
391 118
425 90
430 79
415 66
414 56
405 49
389 50
404 42
408 37
414 44
437 57
445 64
476 90
510 77
510 62
496 46
505 44
485 43
475 55
466 48
476 33
470 37
469 32
440 34
428 30
413 36
440 25
447 22
440 19
435 24
443 17
452 18
448 16
454 11
462 7
465 23
474 17
478 20
490 24
506 14
495 1
487 6
467 2
481 1
481 1
312 91
284 97
277 79
265 85
273 64
287 55
321 67
330 57
340 54
359 52
359 45
361 62
362 77
380 53
375 59
396 48
398 7
431 5
417 5
410 9
408 9
401 6
389 10
379 19
370 14
356 17
262 51
284 17
267 43
265 62
254 78
258 70
261 61
256 48
252 50
263 41
261 46
270 41
273 38
269 35
277 39
276 19
264 16
269 12
322 36
65 69
55 68
45 62
37 75
38 72
70 35
79 35
100 31
116 71
107 72
104 75
120 83
135 90
141 75
163 89
168 90
173 94
186 94
165 57
157 57
152 62
119 61
81 75
97 71
71 60
63 62
85 57
92 59
99 60
108 51
112 57
116 49
118 48
120 46
125 49
128 41
140 45
153 54
180 52
176 51
250 74
250 74
241 72
246 66
237 53
229 57
225 61
221 62
215 57
213 62
205 59
200 64
194 51
189 51
190 45
183 42
174 47
172 45
190 39
190 29
183 32
178 35
176 35
169 36
166 38
162 38
156 40
151 40
164 20
164 20
214 53
220 53
220 53
223 43
198 30
193 27
196 26
210 38
230 40
236 36
234 35
239 30
243 30
246 28
248 26
229 28
220 29
220 29
104 82
77 73
209 27
205 28
276 16
325 37
380 9
378 8
371 10
369 13
367 13
366 12
