101
81 216
47 212
9 207
30 169
66 86
62 98
494 309
439 312
468 270
417 271
382 274
353 241
324 233
255 246
247 221
230 215
199 198
12 71
25 49
45 48
52 51
7 52
72 160
103 155
111 172
139 135
169 141
199 136
234 136
222 173
233 196
246 180
253 183
260 144
261 128
271 120
298 117
291 146
309 188
328 159
325 126
330 117
353 111
357 145
356 124
384 144
397 115
368 107
374 106
386 104
389 99
396 100
403 98
410 92
425 96
435 90
465 113
508 125
444 88
453 86
458 83
463 81
469 77
487 81
444 75
448 76
439 74
431 57
441 51
432 37
426 31
434 30
438 30
447 31
458 33
453 32
474 38
476 39
456 60
468 67
465 60
477 67
462 60
489 64
489 57
497 65
506 67
505 44
510 44
503 50
499 36
493 34
488 35
483 35
476 29
484 31
488 31
491 31
495 30
459 75
452 65
