102
402 361
232 346
162 208
392 263
446 295
467 269
22 133
56 132
69 152
53 112
46 91
9 84
5 38
21 30
25 43
44 55
57 60
17 2
39 16
64 21
56 18
58 32
77 35
65 81
76 22
71 9
92 25
115 110
93 75
116 79
126 97
108 56
130 66
137 48
152 80
170 80
193 84
182 72
160 40
135 19
110 16
151 24
166 20
221 82
226 91
258 91
283 111
254 68
210 62
170 33
185 27
188 33
210 31
206 47
236 41
236 52
247 57
261 44
252 14
254 6
260 24
276 47
293 47
287 12
303 18
308 12
310 2
284 42
335 57
346 63
342 13
350 6
362 17
362 28
381 19
377 27
444 36
380 51
372 69
364 83
400 80
416 85
363 144
367 186
398 197
393 144
426 131
441 121
441 261
489 90
469 37
463 30
459 23
455 14
466 14
484 32
492 25
499 36
505 26
511 76
496 4
273 5
