75
53 194
39 197
11 137
16 106
307 234
307 197
315 99
215 366
231 422
707 431
527 149
592 133
250 7
286 26
312 49
292 61
356 3
367 12
371 64
391 64
395 87
410 53
404 40
399 20
405 15
409 1
432 6
454 9
461 14
492 18
504 3
528 1
546 5
542 23
534 29
536 43
553 35
507 29
443 38
429 52
639 45
666 37
652 6
718 44
22 57
42 68
33 38
19 19
22 9
18 3
9 2
12 1
4 10
4 86
756 451
288 51
306 396
666 273
330 184
612 86
630 70
83 392
267 19
277 14
265 11
261 2
277 2
311 18
325 18
296 1
313 3
346 9
359 28
566 16
627 13
