151
220 473
277 464
316 357
221 345
280 297
440 420
367 245
380 215
337 207
313 209
273 191
218 192
195 208
128 208
76 228
50 301
15 267
116 345
169 304
441 206
525 203
514 172
482 135
484 104
411 137
577 139
591 158
684 142
327 109
397 97
291 136
261 136
251 108
281 95
209 102
221 97
198 105
162 161
148 106
91 139
118 95
113 170
44 140
66 135
1 202
25 86
18 72
11 65
4 60
17 58
23 50
43 68
34 51
56 49
70 60
59 72
42 79
33 62
93 62
127 51
145 68
151 88
164 87
175 61
185 60
193 51
212 52
236 81
276 69
322 54
61 40
73 41
87 36
91 26
104 31
117 29
126 25
158 25
155 40
144 43
135 41
111 38
120 39
4 68
216 38
229 37
229 27
213 25
205 29
193 28
202 89
365 80
431 80
445 41
299 44
279 38
289 37
315 29
468 26
424 17
402 17
391 20
394 15
524 61
546 23
518 17
496 13
577 76
572 21
594 15
613 36
617 48
643 7
666 7
661 52
685 27
710 37
628 78
749 35
253 35
226 27
252 22
253 19
261 19
286 17
300 18
267 6
278 6
259 10
316 11
331 8
370 25
378 16
196 20
199 14
178 18
141 23
149 24
152 14
246 4
240 4
251 10
634 1
606 4
576 1
209 2
545 3
545 3
156 69
235 32
335 20
