210
290 368
316 356
399 379
438 355
430 337
462 346
489 350
498 340
478 313
469 302
507 284
480 274
475 245
470 284
447 280
429 310
415 300
415 314
407 323
389 259
374 261
353 263
319 313
319 261
309 254
309 266
308 283
381 242
456 231
464 230
175 373
237 349
215 335
236 324
248 296
231 293
206 287
213 296
228 314
236 305
230 298
192 280
187 296
176 307
183 308
183 318
177 331
156 341
162 337
162 324
160 312
167 288
175 286
169 273
147 288
146 326
127 334
120 326
112 325
112 273
135 272
146 271
152 252
164 254
80 344
80 318
75 333
75 323
63 325
55 306
40 349
14 355
18 340
37 305
20 288
11 293
69 267
81 273
88 273
105 256
89 249
10 227
47 254
40 244
50 242
58 243
62 238
75 235
80 244
72 246
82 240
86 238
100 250
88 244
65 221
58 223
54 227
48 224
60 219
78 222
87 222
84 219
82 222
81 217
83 216
86 217
96 216
105 222
93 221
101 218
112 222
105 241
173 240
180 235
187 237
149 246
129 246
128 240
126 235
134 240
130 232
135 233
165 219
155 222
157 219
151 220
148 225
140 217
134 221
127 215
141 235
148 238
179 223
184 221
170 223
179 214
184 216
186 196
165 237
178 240
134 208
139 204
154 203
191 209
199 211
205 207
205 204
202 199
198 200
197 192
196 195
176 212
199 225
192 224
192 234
156 228
122 224
121 217
205 233
184 235
178 211
184 211
190 215
192 207
193 196
107 217
160 202
163 202
211 196
65 242
64 217
188 190
207 209
207 203
196 205
225 217
220 219
223 219
215 221
217 223
221 223
218 225
222 238
214 235
233 234
231 228
227 226
227 223
225 223
232 224
236 226
238 221
242 221
173 219
208 229
208 224
144 205
133 203
8 230
12 230
159 213
150 205
201 196
100 228
328 292
210 204
206 197
192 185
199 191
202 190
