167
25 368
3 192
34 162
71 212
147 233
116 139
460 563
648 441
652 411
526 179
533 126
556 120
604 161
589 133
453 194
375 117
322 104
426 87
382 59
313 74
299 81
237 102
194 101
31 140
3 151
47 137
73 120
89 110
104 103
131 94
142 96
148 92
160 92
147 38
135 41
129 47
115 52
118 60
120 57
106 59
92 40
78 41
65 33
56 9
36 12
26 18
17 1
9 13
89 2
69 70
61 73
49 89
35 87
27 91
6 101
140 76
178 55
184 47
173 35
174 11
192 9
193 29
204 22
208 19
211 15
209 32
221 48
193 50
227 67
253 57
251 38
244 31
235 38
258 34
269 41
286 32
305 32
294 15
287 19
253 11
260 7
240 9
292 5
312 9
333 48
315 26
347 47
358 41
345 19
338 13
329 12
335 5
356 18
374 6
274 182
397 48
399 37
406 11
438 5
459 1
446 3
472 28
477 6
483 19
491 10
487 37
472 4
521 47
515 16
501 29
499 2
511 1
533 24
522 5
560 12
554 23
546 34
587 53
626 91
632 67
621 24
593 34
591 12
609 7
601 17
638 30
685 38
672 20
669 6
680 1
708 4
719 7
717 20
707 22
694 19
697 43
735 38
741 28
765 15
737 101
724 84
732 64
766 45
219 2
210 7
241 383
509 276
43 84
137 47
554 439
615 271
375 169
386 10
399 1
431 1
330 1
233 11
565 46
568 63
499 31
504 18
535 3
584 19
755 41
746 8
664 1
655 11
