89
64 427
216 339
254 298
323 509
479 372
381 228
439 143
513 73
486 51
506 34
523 43
592 89
580 130
593 123
123 286
676 555
74 189
61 185
73 122
122 107
666 169
692 153
742 139
654 148
54 97
17 104
733 82
74 72
27 67
45 49
88 37
122 29
151 41
177 40
171 37
170 29
215 79
228 39
233 25
223 12
212 15
188 16
197 7
154 12
343 66
339 22
319 19
299 10
276 10
263 14
258 11
248 10
280 2
271 14
335 4
377 8
12 41
33 22
55 9
95 15
103 10
108 18
117 14
124 6
158 7
11 13
25 7
205 12
394 22
405 15
415 5
432 1
449 5
454 7
440 18
435 57
398 79
477 14
513 4
757 148
302 1
317 1
323 5
243 1
182 1
153 2
140 8
83 16
16 8
