148
164 339
134 298
193 251
223 227
293 217
358 262
62 146
42 127
58 122
89 137
97 118
118 112
106 106
125 133
164 122
296 128
370 95
375 140
406 154
448 140
463 164
483 223
507 212
1 65
17 36
27 29
26 5
53 20
35 65
30 82
45 95
67 76
74 59
98 27
80 21
86 5
110 29
151 20
115 59
181 85
200 85
26 97
233 113
230 92
257 112
257 101
256 68
232 65
208 58
191 17
167 11
166 38
281 26
287 32
293 15
319 15
339 26
336 5
391 33
360 30
352 61
331 50
301 79
275 101
390 80
390 55
372 55
442 53
475 39
432 29
421 26
444 20
453 30
469 11
472 26
492 64
453 86
37 23
204 33
197 36
209 27
220 43
190 63
168 25
262 49
248 43
287 43
248 37
330 34
326 20
188 8
227 25
417 43
484 30
463 25
450 22
368 14
508 77
143 27
464 54
485 51
433 10
14 20
8 167
297 274
282 86
331 85
311 91
396 107
414 80
424 292
417 58
347 50
310 26
253 12
259 26
268 7
276 16
213 5
219 30
138 9
147 4
57 4
1 28
405 24
403 16
392 22
500 42
475 165
500 131
481 3
505 1
445 10
401 7
356 2
507 29
493 20
131 54
145 44
126 27
147 64
239 171
307 112
295 94
141 161
177 176
507 317
192 128
