216
20 314
67 328
62 302
196 353
438 357
337 296
422 297
492 256
451 200
347 226
240 243
174 275
52 233
144 235
40 221
14 145
47 126
57 125
50 169
69 170
89 177
2 132
9 81
34 120
136 21
147 20
153 22
157 17
160 20
168 18
178 13
193 38
192 29
147 37
130 23
120 74
116 74
102 72
106 112
96 120
75 113
60 167
138 101
130 77
120 115
127 130
130 141
146 138
137 127
156 105
147 104
159 93
170 99
178 97
171 129
155 172
202 101
192 137
211 145
199 168
214 182
110 188
203 51
212 54
224 56
228 72
175 58
157 64
180 67
187 69
40 129
265 178
329 185
310 172
335 131
304 128
264 141
245 143
332 112
285 110
251 106
317 81
310 78
305 70
287 82
286 93
242 75
238 57
229 44
222 23
229 27
234 23
241 26
243 39
237 45
250 45
258 41
262 35
270 20
277 19
276 35
270 39
286 43
291 38
289 32
284 18
303 29
292 26
316 24
319 25
322 29
318 29
311 30
325 31
331 27
337 26
345 27
342 25
346 35
346 46
339 50
334 40
334 48
323 36
314 39
310 41
304 37
297 41
331 56
315 68
475 342
358 116
361 98
358 80
353 80
365 54
372 71
371 83
377 78
384 93
394 100
404 83
394 65
417 57
421 91
421 106
448 106
448 86
415 19
409 28
427 13
432 9
438 8
440 4
448 1
455 3
459 5
467 1
466 6
471 2
455 9
452 11
453 15
445 13
444 8
448 18
436 15
435 22
420 40
432 36
443 43
434 43
424 47
427 45
436 50
443 74
449 60
461 40
465 35
465 51
472 11
470 16
474 31
470 47
481 39
485 46
471 69
457 74
481 8
478 2
502 1
509 9
486 28
477 26
496 23
491 28
491 40
483 67
495 58
501 47
470 103
485 96
428 35
423 17
41 25
8 30
3 32
494 8
491 1
1 108
1 146
201 24
255 38
281 47
286 72
475 266
