575
445 450
506 386
737 428
764 318
766 276
705 318
677 236
626 249
593 243
517 261
459 290
440 221
399 279
69 266
102 231
64 207
129 301
191 272
247 221
290 232
329 194
388 238
410 178
509 166
758 164
713 115
731 110
737 88
760 84
685 146
664 117
606 126
614 114
540 97
18 167
7 116
4 100
14 98
49 116
31 104
56 108
46 103
49 94
38 90
30 92
40 83
49 74
32 72
33 63
19 71
15 59
5 61
1 68
14 77
70 91
76 88
76 83
81 87
73 119
93 123
109 117
115 107
132 99
123 85
126 73
114 76
107 85
100 84
91 74
174 116
174 104
174 93
165 87
178 77
171 68
179 59
145 92
151 71
148 77
144 73
155 114
198 132
212 116
199 90
202 73
215 72
220 84
229 68
244 71
241 81
246 92
256 84
268 71
274 84
289 79
277 66
290 72
275 73
288 59
303 61
310 63
311 58
254 108
242 116
230 123
247 164
284 150
284 112
300 99
306 92
290 92
299 81
307 81
309 72
332 88
328 78
335 62
337 56
352 69
371 60
369 110
343 100
325 106
402 95
393 93
395 80
397 61
391 59
412 66
405 61
408 82
418 82
433 94
445 90
448 111
470 107
468 95
462 85
472 78
455 75
462 65
453 62
440 77
497 86
495 70
504 56
519 52
524 74
553 91
564 78
575 85
630 78
14 87
39 58
41 53
45 63
50 61
54 65
63 74
60 66
68 55
77 61
83 58
77 56
83 46
94 52
101 57
106 50
112 54
90 85
118 49
122 51
120 57
128 59
124 59
134 59
138 55
132 45
137 42
120 41
126 37
142 35
150 35
143 43
142 49
146 50
146 58
148 63
164 67
162 56
154 49
158 44
156 39
157 33
163 31
170 30
163 39
167 42
172 49
178 47
182 52
185 59
167 51
158 53
193 57
199 55
210 61
221 51
224 46
215 47
196 46
200 43
193 40
195 35
185 42
185 37
179 35
181 28
178 29
187 22
188 16
175 22
192 15
195 16
197 24
191 21
191 27
200 30
204 25
206 17
208 15
214 17
212 23
215 22
216 14
221 22
223 18
226 16
219 19
221 18
219 25
217 29
212 31
210 28
217 33
220 37
221 31
230 28
226 31
229 17
233 16
238 16
236 32
242 32
241 26
243 21
245 19
246 41
249 36
249 29
247 28
245 29
235 47
240 46
231 40
233 35
233 32
232 54
244 60
259 62
256 49
258 42
259 31
263 28
259 24
256 27
251 18
256 16
259 19
268 48
269 35
277 34
277 28
271 20
284 23
268 15
289 8
288 18
285 20
284 59
288 50
285 45
281 47
278 50
277 41
282 34
284 30
287 27
288 31
292 36
297 51
303 44
300 40
304 51
307 47
311 42
302 31
297 29
297 24
314 28
311 32
308 33
320 25
321 20
321 30
319 33
324 44
317 42
317 50
305 9
311 9
317 8
347 41
351 37
356 43
352 56
362 52
374 56
367 35
362 33
367 14
373 13
384 37
396 39
397 33
402 33
396 26
391 24
400 19
395 52
403 53
410 45
416 41
410 35
414 31
425 30
429 37
434 29
440 32
446 29
451 37
452 43
453 50
444 54
444 47
469 47
462 40
470 38
471 33
478 35
487 42
460 30
183 14
181 10
186 9
184 9
192 11
193 14
196 12
197 8
199 7
198 5
199 1
196 2
196 1
193 1
192 2
190 5
193 5
201 12
203 7
201 4
203 4
204 1
208 3
209 1
211 1
210 5
210 13
211 8
213 9
213 5
216 5
215 3
221 4
220 1
218 1
220 12
223 14
224 6
229 4
225 2
228 1
231 2
233 2
235 1
237 3
240 1
244 3
239 6
235 7
234 12
236 12
249 9
247 2
223 9
204 9
261 5
301 8
329 7
331 13
339 11
339 7
342 10
349 8
353 11
355 12
355 7
379 7
380 12
378 1
383 1
388 8
385 19
369 34
395 9
394 17
399 9
393 12
396 3
403 1
411 8
404 8
408 1
414 2
412 2
423 1
420 3
429 1
436 2
454 2
470 4
471 1
473 1
471 11
472 17
467 14
480 4
489 7
486 1
497 17
511 3
520 4
522 8
517 18
514 35
505 40
496 50
503 46
509 48
510 56
531 29
534 24
528 37
532 47
541 47
544 41
555 34
550 15
543 18
524 15
572 33
567 32
543 4
657 7
651 15
655 19
657 25
640 26
645 37
656 38
628 35
618 35
622 28
658 60
660 67
660 75
647 71
679 73
688 72
687 77
694 66
681 59
680 50
678 47
686 47
672 39
670 28
677 28
684 34
693 20
700 31
704 30
711 18
717 16
722 13
731 4
745 20
750 24
751 32
757 36
746 32
765 19
735 32
734 25
735 36
721 45
713 54
704 51
718 79
718 71
743 68
759 61
748 52
759 55
759 47
763 36
251 12
244 11
229 12
232 9
251 7
251 1
257 2
199 11
179 23
407 21
421 13
489 29
498 2
467 60
472 60
440 48
420 60
423 52
419 52
434 61
386 47
377 55
364 82
358 64
327 69
334 28
340 24
488 56
574 36
577 34
631 138
693 40
745 44
626 98
646 85
582 94
603 106
515 82
