344
173 477
202 513
566 430
600 437
672 347
625 352
610 353
279 371
242 378
240 340
209 345
136 297
602 276
621 267
683 284
690 292
713 266
707 253
730 260
751 262
758 255
743 234
736 227
764 213
744 206
740 183
737 213
719 210
706 233
695 225
695 235
689 242
675 194
664 195
649 197
623 235
623 196
616 190
616 199
615 212
669 181
726 173
732 173
515 279
562 261
545 251
561 243
570 222
557 219
539 215
543 222
555 235
561 228
556 223
528 210
524 222
516 230
521 231
521 238
517 248
501 256
505 253
506 243
504 234
509 216
515 215
511 205
494 216
494 244
479 251
474 244
468 244
468 205
485 204
493 203
498 189
507 190
444 258
444 238
440 249
440 242
431 243
425 229
414 261
394 266
397 255
352 279
315 284
321 272
326 269
279 278
330 259
339 255
338 246
314 237
318 256
297 262
290 248
288 242
274 247
296 241
298 235
298 208
310 206
295 221
359 240
374 239
369 238
350 237
346 221
335 222
328 223
334 193
339 195
338 189
378 224
371 215
366 219
412 228
399 216
392 220
380 202
374 198
381 189
436 200
445 205
450 205
462 192
451 187
355 200
285 246
238 269
233 267
257 258
251 273
136 254
117 259
85 263
180 241
5 292
140 187
130 174
127 179
129 201
122 194
117 201
116 193
108 199
108 193
104 195
102 192
96 196
85 194
76 197
80 203
70 199
87 209
62 212
59 215
53 211
50 210
70 188
49 189
51 188
51 182
53 184
59 183
63 182
77 179
82 180
83 180
89 176
97 177
100 175
103 179
102 176
112 176
117 178
132 172
91 207
41 175
19 187
21 210
27 206
16 206
9 188
7 191
4 194
12 212
5 215
1 226
47 215
47 197
41 190
39 185
36 182
23 186
86 171
29 189
31 192
1 193
333 176
336 174
335 169
356 168
391 170
346 165
419 190
414 183
422 182
427 182
430 179
440 176
444 183
438 185
446 180
449 179
459 188
450 183
433 166
428 167
424 170
420 168
429 164
443 166
449 166
447 164
445 166
444 162
446 162
448 163
456 162
463 166
453 165
460 163
468 166
463 180
514 180
519 176
524 178
496 184
481 184
480 180
479 176
484 180
481 174
485 175
508 164
500 166
502 164
497 165
495 169
489 163
485 165
479 161
490 176
495 178
518 167
522 165
512 167
518 160
522 162
524 147
508 178
517 180
485 156
488 153
500 152
527 157
533 158
538 155
538 153
535 149
533 150
531 144
531 146
516 159
533 169
528 168
528 176
501 171
476 168
475 162
537 175
522 176
518 158
522 158
526 161
528 155
529 147
464 162
504 151
506 151
542 147
433 181
432 162
525 142
539 156
539 152
531 153
553 163
549 164
551 164
545 166
547 167
550 167
547 169
550 178
544 176
559 176
557 171
554 169
554 167
552 167
558 168
561 169
562 166
566 166
514 164
540 172
540 168
100 258
147 246
492 153
483 152
390 172
393 172
341 164
503 160
496 153
535 147
459 171
97 167
100 167
630 219
333 164
335 165
355 164
365 159
542 153
538 148
528 139
533 143
535 142
