132
147 335
115 323
231 316
260 359
240 486
203 465
300 305
418 351
429 277
485 271
459 220
391 236
335 213
235 236
293 237
390 210
403 182
381 170
355 159
303 181
270 175
232 175
216 200
187 197
169 191
164 231
90 230
53 218
22 149
62 139
40 133
35 121
23 110
9 120
60 107
65 128
141 137
155 131
168 129
161 112
186 121
253 63
264 68
222 107
207 120
237 120
203 134
178 157
151 162
228 141
250 149
265 133
283 112
336 110
354 110
452 186
442 149
482 151
512 182
536 152
558 141
541 107
508 121
491 103
478 105
418 119
441 95
403 95
381 98
375 144
358 141
448 84
454 80
436 77
469 90
495 91
518 90
606 126
615 141
668 159
703 159
709 218
726 96
681 99
530 69
518 67
506 67
491 59
503 44
527 48
545 32
552 53
457 61
518 29
536 41
543 43
552 43
537 54
516 40
509 44
487 44
482 48
489 54
506 56
518 48
549 74
555 79
533 83
630 145
658 95
471 60
477 87
414 105
419 92
424 89
351 212
356 53
290 115
231 111
175 125
167 174
50 187
50 198
64 186
48 114
530 43
551 89
766 259
720 93
698 97
542 131
708 100
