116
321 331
90 269
41 303
30 165
312 254
448 262
436 219
461 218
20 117
38 136
48 124
27 86
66 97
83 70
63 69
100 69
140 100
181 144
177 127
225 116
200 91
178 87
131 48
147 50
112 54
167 42
223 70
247 61
292 82
277 75
13 41
27 26
20 17
1 16
30 49
71 48
65 29
42 22
55 17
78 16
95 19
95 33
110 8
122 16
101 15
136 3
153 8
188 36
200 63
199 38
211 44
223 54
230 38
243 45
236 29
266 38
285 43
299 29
322 26
341 45
358 81
372 85
357 40
393 50
412 50
448 68
487 99
179 2
189 2
207 4
193 25
241 27
262 6
267 1
237 14
230 4
207 25
217 32
178 11
189 13
383 236
509 61
484 47
455 55
460 48
429 63
426 50
431 7
390 8
380 7
364 21
463 7
493 2
511 14
293 13
324 13
345 17
344 3
195 8
439 6
321 4
402 13
471 50
144 31
115 30
124 35
63 52
147 22
183 23
168 5
265 26
275 19
287 4
295 3
440 60
446 5
