88
170 496
498 390
591 302
601 269
708 451
709 158
721 122
709 66
723 52
706 37
690 9
601 65
576 40
561 27
445 52
442 34
477 30
470 16
426 37
384 88
398 88
415 155
429 222
400 204
381 201
175 78
178 62
173 25
202 27
225 33
266 33
260 53
285 73
305 62
98 95
66 100
52 101
62 67
80 65
41 39
57 37
50 27
28 33
9 21
22 56
417 22
370 22
366 39
344 16
333 24
301 14
289 15
283 18
282 27
133 30
98 24
632 7
651 5
663 7
745 2
764 3
725 1
766 175
429 24
436 1
333 3
354 3
386 7
156 1
181 29
196 22
212 15
276 14
291 10
177 88
87 19
139 11
122 22
8 76
453 11
467 27
442 4
423 5
381 10
239 120
336 16
624 7
641 8
