310
4 274
1 164
35 153
1 129
14 114
33 107
42 103
48 102
55 80
78 89
97 63
81 50
114 79
108 81
128 80
128 73
144 73
148 48
155 38
145 104
134 98
151 114
144 117
116 118
99 126
84 131
74 126
80 156
121 169
167 162
224 186
250 204
289 192
335 245
305 142
262 111
220 83
196 84
210 63
193 59
170 109
176 103
173 95
177 78
186 37
166 17
206 35
216 64
234 22
236 41
244 37
255 63
264 57
280 53
305 84
347 113
341 65
319 58
316 63
289 47
360 78
376 68
382 65
366 47
314 48
323 39
336 27
349 27
351 19
340 19
333 19
312 20
308 19
306 13
300 9
299 25
285 27
270 41
269 29
265 35
59 34
61 26
45 37
44 32
28 30
34 17
1 34
13 25
76 1
77 22
95 9
64 9
108 1
141 2
157 1
169 1
154 9
247 24
255 22
259 23
256 15
255 7
264 15
266 12
261 9
269 4
285 16
281 11
281 6
304 3
321 9
334 3
339 11
374 19
378 4
367 12
371 3
360 3
356 7
356 11
322 3
407 29
393 35
404 16
393 7
384 2
400 1
404 4
411 3
417 7
416 4
422 2
434 4
442 27
438 35
422 29
412 36
406 37
406 48
412 57
421 47
450 47
457 36
446 34
460 12
469 6
478 7
482 11
492 5
495 3
500 11
485 22
495 26
495 35
489 28
493 44
484 44
479 56
470 56
465 52
483 70
474 62
489 65
502 70
509 61
507 51
507 25
515 12
510 10
508 6
526 9
537 33
538 24
546 20
540 12
537 19
535 12
522 2
506 9
499 2
542 58
531 70
531 58
559 88
591 60
597 80
608 83
594 109
578 167
551 159
541 154
493 106
485 103
418 142
413 109
393 89
382 13
367 5
410 279
606 34
597 20
596 12
555 1
547 6
537 4
555 12
564 5
567 11
565 25
558 17
579 12
594 6
563 44
564 35
635 45
625 29
629 8
632 17
642 34
630 34
664 55
671 47
675 66
690 88
652 152
639 105
728 82
743 92
727 141
743 187
669 35
668 19
646 12
641 5
655 9
657 5
661 4
663 7
651 16
659 22
676 16
678 9
682 9
688 5
694 11
693 16
696 15
684 17
706 20
710 28
720 22
720 14
721 34
729 40
713 42
707 44
742 55
734 55
760 57
767 62
765 36
758 35
748 29
731 28
730 22
757 22
766 24
765 113
765 136
650 487
672 465
630 297
544 339
450 23
17 22
19 31
57 4
82 4
90 7
114 13
123 19
129 20
121 2
164 9
146 20
181 51
214 47
230 59
172 121
344 275
293 3
386 50
410 11
412 15
385 8
441 22
332 95
332 79
448 4
638 37
608 5
638 4
648 6
650 3
644 24
674 27
682 28
690 26
695 27
702 21
