85
17 353
8 301
40 294
68 278
5 220
12 222
10 213
6 243
16 247
14 250
40 244
62 247
74 255
55 225
35 196
22 203
39 194
79 211
59 199
128 356
143 278
121 276
213 322
330 328
351 347
377 347
264 238
163 173
151 177
143 180
140 178
146 186
132 195
120 192
103 187
91 183
170 200
161 185
170 179
174 182
181 177
194 178
191 183
190 192
182 193
188 198
186 196
183 213
202 202
203 217
218 195
208 178
213 177
222 180
225 178
226 182
230 180
234 182
238 175
242 180
256 186
250 203
281 242
298 233
297 225
305 217
310 196
314 196
314 229
328 202
359 207
364 222
371 206
397 212
411 197
408 239
400 240
396 246
390 250
398 251
407 264
423 255
432 268
448 250
457 250
