161
134 561
199 474
9 311
54 296
155 277
178 275
202 273
259 306
211 245
266 237
305 265
314 279
350 290
401 296
330 256
303 237
337 227
636 319
709 281
734 224
645 235
619 277
596 239
622 235
524 240
487 244
551 210
577 210
631 200
681 193
686 164
610 176
590 186
544 197
545 188
504 188
404 200
394 206
385 211
393 196
385 193
411 199
434 169
464 178
420 150
462 128
415 130
371 127
363 132
334 142
335 134
337 120
337 126
338 112
342 108
359 111
353 109
354 116
352 126
383 115
386 112
379 109
374 115
365 109
369 106
369 108
371 108
375 107
382 105
384 106
373 100
387 101
384 102
378 101
337 99
390 100
392 101
394 99
393 106
390 104
399 107
403 108
408 105
411 100
496 160
507 155
515 153
530 150
537 152
461 113
463 118
482 113
479 112
488 105
478 97
476 99
469 110
465 102
462 99
493 99
495 99
498 99
502 99
510 99
496 104
505 103
509 106
517 108
523 103
528 99
530 101
527 105
544 98
538 102
537 107
535 114
542 118
551 119
561 122
549 111
548 105
566 110
592 142
596 103
603 112
607 110
612 153
637 164
641 142
629 109
621 112
640 112
632 126
626 131
654 116
657 117
662 120
667 120
665 114
669 114
679 111
681 115
680 129
691 131
686 127
697 131
713 121
722 120
727 127
731 131
730 136
741 134
745 138
740 125
753 128
751 125
763 122
763 110
764 134
765 140
662 286
