140
4 177
13 162
21 166
28 147
23 139
61 148
25 183
30 195
10 202
72 187
81 187
129 134
46 278
91 281
126 251
171 256
175 232
161 172
155 132
154 98
165 103
174 100
176 121
142 84
148 82
176 73
160 75
157 75
191 76
213 91
229 76
151 77
211 104
203 103
190 99
184 96
228 89
203 120
199 125
181 125
213 129
234 122
243 124
247 113
251 115
89 126
293 66
305 65
285 80
262 91
290 88
302 84
309 98
289 105
282 109
276 110
276 117
289 118
297 116
295 129
272 129
353 118
345 83
361 74
356 60
355 55
360 58
361 65
271 138
286 145
198 168
113 120
216 166
227 186
324 168
321 215
361 169
356 142
369 142
373 121
397 104
390 155
392 140
411 164
414 180
425 183
425 173
417 141
425 132
415 152
422 71
413 64
371 68
366 64
389 66
396 67
394 63
407 68
430 64
434 70
435 62
445 65
447 74
450 71
455 59
453 55
402 67
445 115
448 104
466 104
474 109
483 103
496 118
510 117
500 100
506 93
503 75
499 71
486 70
480 75
492 66
486 58
508 63
505 54
470 55
467 55
460 61
465 70
460 72
176 174
313 266
236 237
243 211
234 202
199 197
358 247
380 244
432 201
449 231
472 224
