94
96 293
84 372
229 178
272 162
426 252
455 243
448 124
436 103
345 68
326 53
315 47
306 41
283 37
272 43
251 46
227 43
200 56
187 43
163 57
183 66
159 81
169 105
241 78
266 63
99 88
78 68
70 33
85 27
37 43
5 60
31 98
8 109
141 62
123 62
118 50
127 43
130 31
137 44
533 175
505 109
530 95
528 67
497 53
480 59
466 58
457 75
436 34
425 34
417 44
403 39
397 30
399 14
462 17
518 3
563 11
580 39
602 49
642 30
652 52
639 75
619 107
637 129
624 142
619 154
642 197
696 160
704 126
665 99
684 75
695 43
726 33
737 47
755 47
719 56
731 76
760 73
759 132
743 152
360 34
350 14
368 7
1 2
489 40
755 257
741 354
758 552
375 20
313 18
330 5
333 33
357 24
248 16
358 69
360 58
