229
325 388
329 340
340 317
320 297
328 265
342 268
317 242
228 291
208 354
110 199
111 186
72 193
61 181
39 168
132 115
121 104
136 103
54 121
151 100
167 100
158 94
197 104
199 91
249 62
251 60
240 60
236 61
234 56
229 58
223 55
215 60
209 66
202 60
168 57
161 57
233 87
323 73
326 84
323 84
334 106
345 104
350 124
335 126
304 138
287 133
283 137
255 120
230 129
287 149
300 163
327 144
345 143
355 141
374 133
380 86
383 86
385 83
394 81
391 72
393 52
402 55
421 62
412 56
431 54
435 58
447 57
454 61
455 70
451 70
437 71
430 70
425 75
421 79
464 75
472 77
472 70
478 71
485 86
464 89
445 80
440 78
435 90
424 96
413 84
406 80
404 73
397 77
403 85
396 98
393 96
407 114
431 119
440 119
451 117
474 115
485 116
511 70
520 73
531 80
541 82
538 81
541 103
547 101
527 99
528 105
541 124
552 107
540 98
564 110
573 106
578 135
565 132
540 156
522 129
506 122
508 145
492 150
482 184
465 169
450 143
414 137
413 127
417 117
396 127
396 136
388 131
398 178
431 188
537 244
566 257
408 222
580 104
574 99
598 87
594 99
586 104
604 105
616 100
630 114
638 111
652 113
655 120
663 112
693 127
711 130
686 111
701 90
708 88
710 83
710 70
709 62
707 52
711 50
704 53
691 58
698 66
698 72
689 72
692 66
685 63
684 68
685 84
667 91
665 100
671 72
676 71
672 68
676 67
678 62
672 64
671 57
663 55
661 52
664 73
663 67
655 59
651 52
643 48
653 47
648 55
645 64
642 66
642 62
632 64
631 68
621 64
632 73
643 73
646 69
651 70
655 79
629 79
624 82
620 76
615 81
609 80
720 91
716 82
720 72
730 80
736 76
723 67
731 62
731 57
727 54
725 57
718 51
715 56
695 61
752 57
742 53
750 54
749 59
760 57
762 53
764 58
760 69
763 64
756 70
746 72
747 124
750 149
736 161
702 175
685 168
576 350
549 332
25 76
6 73
