210
48 323
96 309
68 248
129 351
128 280
149 285
168 326
487 314
111 146
73 142
28 128
6 131
10 96
16 96
25 93
31 107
46 110
45 92
57 87
63 83
117 115
142 118
152 145
111 89
15 43
21 43
28 38
23 55
53 52
94 71
95 27
104 24
105 80
336 207
228 235
214 171
170 162
167 125
190 125
239 131
250 116
269 125
280 94
299 114
301 103
314 121
333 116
330 99
359 114
375 120
399 129
412 111
439 103
400 107
388 95
371 93
363 98
338 89
340 77
339 62
356 73
369 55
380 59
377 74
396 81
399 67
411 75
420 66
440 69
452 72
452 59
472 67
465 28
424 54
418 50
410 57
405 53
410 47
429 48
424 40
412 40
408 35
418 29
426 34
429 30
436 27
444 29
434 42
335 44
323 41
318 40
314 35
303 35
292 45
281 46
274 50
269 46
262 51
263 62
259 42
260 35
273 34
272 29
277 25
285 22
289 16
302 11
297 20
285 28
286 33
283 32
300 29
303 25
306 23
332 28
343 31
345 27
340 21
364 33
385 23
395 21
403 14
399 9
403 4
392 4
394 1
404 1
412 4
408 9
413 10
419 4
356 6
369 9
373 9
366 6
367 4
369 1
376 3
384 4
383 6
446 5
440 20
440 16
455 19
468 22
506 4
503 4
442 61
414 19
421 8
424 4
422 1
430 1
433 5
436 1
376 6
286 45
139 84
144 83
143 76
128 81
132 75
152 73
153 67
162 71
170 66
192 80
192 65
189 44
213 70
225 69
239 46
247 41
248 34
244 38
237 37
225 37
211 34
139 36
152 32
158 33
143 17
135 21
138 17
124 19
119 19
111 24
113 34
118 32
118 49
113 48
109 51
129 35
135 33
182 29
198 33
206 28
229 22
227 28
231 27
243 23
246 23
207 42
200 39
209 48
211 44
218 40
162 32
251 60
250 93
