87
489 332
505 252
468 212
669 317
733 402
760 268
697 199
609 209
742 16
721 32
677 117
662 81
664 58
657 44
610 94
604 31
584 22
544 124
482 44
421 122
388 84
392 64
461 37
534 29
493 13
75 260
105 238
54 220
8 233
11 202
9 151
34 127
137 156
167 176
265 181
245 146
277 98
348 133
282 74
306 44
324 42
359 41
327 25
296 18
260 20
223 64
174 28
171 51
149 52
143 37
146 26
104 36
103 52
141 94
109 107
88 101
51 103
14 79
61 74
83 51
52 42
56 57
60 50
57 35
74 20
79 24
150 1
96 60
117 60
224 11
184 1
392 11
406 29
413 9
405 40
459 22
435 16
79 464
522 501
570 105
720 127
738 66
46 16
94 160
253 33
22 15
514 24
