101
246 415
316 406
299 393
373 495
499 517
748 505
735 353
715 358
719 339
734 339
749 310
757 273
738 254
718 274
716 266
727 282
695 301
679 300
666 299
653 300
662 349
629 332
613 305
604 300
582 280
561 279
566 297
558 338
534 346
520 348
489 366
446 378
505 319
511 301
494 286
480 281
462 292
420 312
420 349
382 348
372 329
344 337
321 339
323 367
365 298
384 289
384 278
396 260
379 235
369 241
353 235
356 226
331 194
339 193
343 198
348 212
352 218
336 216
335 273
340 286
359 233
268 323
303 310
331 295
284 289
274 284
271 270
248 272
240 303
223 287
207 295
115 375
125 357
150 346
161 313
189 310
190 286
9 346
45 324
6 314
19 282
28 261
16 267
52 273
63 280
54 313
94 302
130 306
156 297
123 287
104 264
117 252
134 254
139 249
186 271
48 253
25 249
38 230
61 243
2 252
175 244
