72
5 373
42 154
14 150
12 105
27 141
45 137
59 147
71 141
65 113
71 103
54 131
59 231
83 372
133 344
155 356
291 320
281 298
272 280
244 238
118 121
98 101
159 136
150 142
130 158
113 161
140 155
156 164
189 138
176 168
271 129
266 144
245 150
244 164
250 181
243 191
310 153
306 143
290 188
312 180
294 175
292 232
287 218
307 205
321 202
340 173
362 158
384 148
401 161
371 183
371 166
387 197
392 226
391 259
352 283
410 326
427 195
433 222
441 252
419 267
483 334
467 232
459 213
457 182
440 158
476 119
502 100
496 155
503 186
499 207
493 245
509 251
318 222
