142
5 366
2 218
47 204
1 172
19 152
44 143
56 137
64 136
73 107
104 119
129 84
109 67
152 106
145 108
171 107
171 98
193 97
197 64
207 51
194 139
179 130
202 153
192 156
155 157
132 168
112 175
99 168
107 208
161 226
223 216
299 249
334 272
385 256
447 327
407 189
349 148
293 111
261 113
280 85
257 79
226 146
234 137
231 127
236 105
248 49
221 23
275 47
288 86
312 30
314 55
326 49
340 85
352 76
374 71
407 112
463 150
455 87
426 77
421 84
386 62
481 105
502 91
509 87
489 62
419 64
431 52
448 36
466 37
468 25
454 26
445 26
416 27
411 26
408 17
400 12
399 34
380 37
360 55
359 39
353 47
79 45
82 34
61 49
59 42
37 40
45 23
2 45
17 34
102 2
103 29
127 12
85 12
145 1
188 3
210 1
226 2
205 12
330 32
340 29
346 31
341 21
340 10
352 21
355 17
349 12
359 6
380 22
375 14
375 8
406 4
428 12
446 4
453 15
499 25
504 6
489 16
495 4
481 4
475 10
475 14
430 4
509 17
489 6
23 30
25 42
76 5
110 5
120 9
152 17
165 26
173 26
162 3
219 12
194 26
241 68
286 63
306 79
229 161
459 367
391 5
443 127
443 106
