78
1 349
17 342
29 350
67 350
53 328
46 322
42 317
58 317
67 317
81 313
77 319
44 319
152 314
166 302
140 328
111 304
105 307
103 315
190 309
196 310
200 315
178 327
185 360
224 352
143 373
132 373
293 370
307 366
298 350
281 347
282 338
275 339
266 359
309 280
281 283
292 302
310 298
329 298
349 300
358 300
367 302
364 317
387 315
396 312
402 322
408 298
442 291
441 282
430 306
425 305
461 303
416 340
380 345
444 336
458 337
464 356
473 339
480 334
501 305
504 327
489 368
392 378
357 376
489 282
499 276
508 274
508 267
493 257
498 255
488 261
509 302
483 272
499 263
483 345
81 306
500 267
503 255
499 249
