112
433 378
412 157
370 169
373 235
344 254
252 245
257 170
203 151
165 227
158 295
53 265
34 309
3 241
65 199
10 140
30 127
25 91
4 38
13 17
31 21
57 5
57 53
80 85
173 55
156 74
216 92
282 59
290 41
377 95
373 71
355 18
409 8
415 95
409 76
499 74
254 59
159 60
80 100
63 8
69 15
80 16
31 8
23 12
366 10
466 21
461 15
468 62
506 46
508 20
501 12
496 3
298 12
274 69
139 14
123 14
308 28
327 137
348 108
316 203
437 7
434 23
420 23
428 45
436 57
389 48
399 58
280 39
327 79
300 60
279 4
252 1
88 362
101 178
152 175
161 98
173 99
118 71
124 72
66 89
55 81
107 65
45 105
87 7
134 4
151 11
154 7
123 33
127 27
132 45
140 48
162 43
214 38
238 34
429 68
405 97
471 82
488 53
487 23
474 2
183 113
381 22
368 32
348 60
330 5
309 4
324 5
341 2
253 30
242 16
279 99
291 100
261 82
