171
67 352
89 363
320 382
364 366
329 328
249 321
255 287
84 272
51 268
9 200
33 196
75 179
152 226
127 258
170 268
187 188
244 201
290 193
350 187
380 183
295 172
400 245
409 196
424 192
474 182
4 154
30 161
46 168
43 150
55 126
96 154
18 86
9 93
12 34
45 19
49 32
53 28
58 22
61 19
66 17
71 14
32 62
45 81
36 92
58 103
68 115
80 130
90 105
73 95
96 90
118 109
110 98
134 97
128 99
121 144
96 134
76 152
135 138
151 143
150 131
154 114
160 94
172 143
180 144
183 163
199 167
190 137
219 155
226 145
217 139
225 123
209 94
201 100
212 86
230 89
221 68
236 56
236 72
240 58
250 103
240 96
250 114
254 86
254 134
233 56
273 152
259 119
263 84
298 143
284 260
299 261
353 162
381 152
402 144
419 133
443 149
485 156
480 131
488 131
479 121
497 123
365 139
327 124
299 105
260 53
274 53
282 93
284 97
292 78
298 95
310 91
318 99
282 70
286 59
280 49
301 44
313 44
318 47
323 45
328 47
329 43
332 47
340 50
343 48
339 55
350 55
349 48
353 51
358 55
369 56
370 63
361 68
345 69
338 73
325 88
323 98
340 104
338 92
347 95
364 98
367 110
357 132
349 140
342 142
352 146
411 110
380 107
416 101
421 107
434 111
444 78
458 76
439 75
433 72
424 72
427 72
418 71
411 73
411 83
404 83
380 82
365 73
361 86
390 75
399 72
388 64
381 61
379 52
415 92
263 126
364 158
