76
354 281
258 274
393 199
252 241
168 241
99 224
183 216
218 138
134 138
93 123
77 98
3 125
26 105
149 102
171 117
180 101
204 108
235 101
269 118
252 129
302 153
319 120
345 121
321 90
271 33
282 26
303 31
311 47
303 54
294 50
259 59
222 64
208 86
382 36
393 33
378 18
392 26
394 20
407 19
417 27
414 58
405 67
397 24
411 24
192 42
195 34
171 57
184 53
169 77
153 49
164 20
175 22
150 12
137 16
120 10
106 16
113 35
135 52
136 44
126 67
88 61
81 50
90 22
85 10
72 19
51 58
45 80
37 32
20 11
36 18
3 20
10 16
11 3
7 67
60 3
180 49
