111
3 354
97 319
67 309
25 263
46 248
1 260
138 177
133 176
124 174
114 171
116 233
318 263
308 228
341 219
270 154
309 153
285 131
265 137
330 112
327 112
331 128
307 115
291 135
346 130
348 132
346 132
353 129
358 130
366 129
370 129
375 131
377 129
392 129
399 132
608 183
586 182
560 181
551 177
538 174
523 184
501 181
482 182
467 168
454 172
459 156
444 151
438 148
435 168
480 161
486 164
501 158
498 151
508 153
512 157
515 150
530 155
529 160
537 163
548 161
547 154
546 148
537 145
562 141
572 144
566 152
557 151
558 157
572 164
575 160
583 170
588 160
594 156
591 147
600 150
611 150
597 170
434 113
442 148
430 148
412 182
406 180
400 167
400 162
623 170
622 188
644 170
675 183
648 212
667 211
695 174
709 167
721 108
724 274
582 281
568 277
522 263
497 267
468 252
424 256
426 248
76 504
311 484
34 300
78 244
179 239
260 212
321 209
306 256
752 278
524 151
713 107
