233
24 565
138 518
258 433
246 402
247 355
482 399
495 510
602 435
610 376
568 294
577 273
599 236
546 246
674 303
689 396
693 208
723 187
763 177
704 139
672 126
659 137
718 97
713 62
686 47
766 44
365 250
348 208
408 217
627 200
579 110
560 166
552 156
517 146
515 128
531 97
507 176
457 146
423 149
384 169
354 156
248 161
240 146
225 126
274 115
313 115
340 127
341 109
362 121
398 111
420 112
421 99
461 98
456 78
447 63
424 45
410 86
401 56
411 47
405 44
372 67
377 96
354 69
353 58
347 76
340 89
309 55
295 64
283 72
276 62
501 84
490 72
485 65
512 65
536 54
565 47
572 37
561 33
586 37
566 68
554 55
633 49
641 41
655 28
628 15
190 27
199 22
190 41
214 21
225 26
222 38
227 45
250 22
256 32
261 33
273 24
277 37
270 44
281 17
287 15
291 12
294 12
296 13
302 13
291 21
291 25
295 34
313 38
310 29
314 23
314 15
316 13
316 10
321 12
322 24
320 27
329 26
337 27
332 25
332 24
337 37
330 45
322 52
327 9
328 6
330 3
334 6
337 7
336 3
340 2
335 13
348 39
358 38
347 16
346 7
343 4
348 1
357 3
352 8
357 9
364 8
366 5
364 1
372 4
369 3
381 7
390 8
389 3
392 3
412 4
407 3
416 21
402 32
390 37
388 28
375 29
369 27
360 19
421 7
432 4
444 2
449 2
455 3
459 6
462 19
451 16
470 24
479 20
478 13
483 2
489 6
490 1
498 20
499 13
502 2
497 1
510 3
514 2
515 7
519 14
526 18
522 25
535 36
537 15
539 4
548 2
551 16
563 7
571 4
581 1
592 2
596 10
622 1
617 15
631 3
642 4
667 4
682 6
723 18
423 27
426 21
183 21
224 18
212 44
198 46
202 42
216 45
283 25
246 36
250 38
281 14
256 22
421 74
419 61
381 51
396 47
401 2
434 4
449 23
468 16
498 5
487 11
513 19
514 11
510 14
522 1
564 4
530 64
520 86
601 94
620 94
625 134
438 93
358 97
