99
21 489
18 421
23 164
218 280
192 146
201 124
145 109
184 82
185 75
312 154
355 182
453 205
455 149
558 271
580 163
582 107
566 91
614 111
595 91
659 265
686 402
601 430
3 125
27 113
8 34
42 34
48 45
62 41
54 39
72 43
89 32
97 28
106 1
112 70
103 79
78 97
62 103
136 59
157 58
173 53
163 45
213 33
168 61
120 2
79 47
134 17
140 14
144 14
145 22
156 8
164 9
171 24
171 38
190 53
196 1
181 1
213 3
234 15
231 7
148 10
265 43
252 2
283 11
301 45
312 6
332 1
358 12
350 54
350 35
379 37
380 16
418 29
400 5
467 1
483 4
508 51
520 9
505 2
532 4
558 19
572 11
581 11
600 21
606 39
624 33
661 73
672 44
693 16
711 9
742 26
728 18
750 3
731 1
765 3
766 20
765 67
763 47
663 1
628 9
