146
311 392
384 353
639 383
702 471
541 359
615 255
719 346
110 272
138 235
212 289
238 310
276 209
359 288
256 201
250 163
218 162
166 162
125 160
122 191
104 212
103 162
81 174
29 147
8 220
16 111
4 73
36 82
48 87
64 94
127 63
144 64
182 71
207 94
226 102
284 84
303 69
308 95
304 173
345 173
370 214
359 108
507 220
438 232
523 196
560 247
633 220
554 182
559 159
581 162
600 171
658 194
696 189
760 188
762 318
736 150
759 150
689 156
679 142
690 115
664 108
626 129
610 117
583 120
585 103
572 98
564 108
560 120
552 115
540 109
554 103
523 111
517 138
515 156
494 143
479 148
426 153
391 104
462 105
504 114
500 100
490 99
492 129
419 86
430 85
435 78
443 69
453 65
470 64
477 75
497 63
501 68
507 74
520 72
533 81
545 76
553 82
549 91
564 86
555 69
563 63
546 66
537 70
531 68
592 75
533 121
511 116
380 162
518 37
537 37
562 35
567 52
581 51
607 37
624 69
623 97
652 95
577 16
568 16
548 20
536 14
543 10
600 33
625 22
643 16
636 6
648 3
650 1
654 17
665 20
675 86
692 83
761 114
748 120
760 83
759 54
766 41
748 31
735 33
731 28
710 27
687 44
692 13
695 8
672 15
335 68
377 255
