84
57 373
17 248
50 196
169 273
165 235
210 232
183 159
311 218
287 215
363 280
356 225
163 105
154 92
139 92
80 65
31 35
14 57
2 76
126 55
140 60
125 42
155 35
177 48
181 28
191 22
216 27
216 27
229 34
238 19
217 57
241 91
228 120
228 141
321 132
291 76
290 27
308 29
290 3
278 6
337 24
337 24
352 24
346 11
341 5
380 19
378 5
380 38
385 59
396 50
400 18
399 8
374 16
409 107
400 124
414 137
456 57
438 25
445 14
455 11
472 17
476 68
466 100
446 115
461 91
405 191
420 176
430 205
474 186
499 163
516 100
548 88
548 88
616 236
593 218
671 210
568 18
588 14
594 2
603 1
619 1
639 18
669 1
669 1
455 116
