129
20 160
57 172
210 324
335 285
317 250
196 203
152 160
125 134
281 222
303 217
207 129
178 96
170 85
141 65
135 62
147 54
116 56
81 82
46 63
57 52
28 53
27 42
13 37
25 1
43 3
2 3
56 16
81 49
383 149
413 131
491 137
510 162
499 89
506 61
506 32
498 33
485 19
478 34
466 29
460 27
434 72
434 100
421 112
385 116
360 116
336 118
311 115
278 103
285 74
294 80
309 83
318 53
353 56
368 59
348 46
359 44
367 34
381 33
335 37
301 42
268 37
285 33
280 26
275 19
258 19
279 7
303 7
319 15
319 26
333 22
339 22
331 15
334 10
342 11
381 22
375 13
370 6
487 75
506 16
484 8
480 15
472 13
464 10
463 17
458 14
450 14
435 2
421 2
415 2
406 7
401 6
383 11
425 11
444 12
369 15
350 27
357 24
352 19
392 26
391 79
404 85
237 95
254 79
206 76
194 72
170 62
129 44
103 49
198 60
214 53
222 60
234 54
251 62
247 12
208 19
241 9
153 20
136 21
119 36
130 2
168 11
57 1
69 5
54 41
45 35
51 51
87 73
54 141
175 46
