83
237 374
335 349
403 341
501 197
507 156
394 232
353 154
263 143
225 178
207 161
165 170
144 206
416 124
424 89
434 81
100 123
112 90
77 84
94 81
1 107
217 71
249 66
301 75
338 80
34 69
21 62
15 57
22 47
29 45
38 48
40 56
45 73
72 43
78 49
149 58
129 49
137 52
194 54
171 45
159 39
157 49
204 43
212 44
222 46
217 33
136 33
127 40
209 22
204 19
224 22
217 18
234 23
241 28
240 20
252 20
269 19
252 51
231 45
188 22
173 35
177 29
176 44
183 40
305 51
290 37
357 43
323 50
306 25
298 30
345 24
402 20
493 65
434 19
440 11
103 46
205 10
175 11
169 17
147 32
156 24
133 22
145 16
231 6
