114
499 241
452 182
434 180
433 160
421 160
381 135
451 127
345 125
259 201
104 130
474 83
268 211
167 217
145 128
131 125
198 123
218 123
240 113
254 116
271 79
2 98
25 100
55 71
49 58
51 47
67 84
68 102
106 89
104 79
107 59
99 58
114 71
128 60
135 45
166 63
132 90
154 111
218 58
183 98
345 100
327 103
317 89
296 93
293 55
282 49
280 42
271 39
289 39
290 16
281 21
334 36
339 34
338 8
336 115
300 7
334 9
328 7
351 19
361 18
368 26
378 36
382 36
404 46
399 72
387 67
384 87
399 92
378 81
405 91
406 79
412 73
423 72
442 72
388 97
380 12
370 6
373 4
368 1
363 1
360 2
388 14
382 11
382 3
378 4
376 2
384 1
390 7
386 3
394 9
401 6
407 5
417 7
422 4
418 3
441 9
437 2
427 1
439 2
445 3
443 1
460 31
457 38
446 40
459 14
468 82
469 72
490 69
503 76
502 64
479 42
482 32
121 119
128 111
124 118
