225
4 120
22 116
59 118
73 128
100 124
119 120
114 116
133 151
182 216
185 146
207 147
199 136
157 140
155 122
170 120
188 125
195 128
246 159
242 150
261 120
279 143
268 155
279 153
314 205
337 175
358 192
362 151
353 131
331 131
309 131
291 127
324 111
337 116
372 120
381 140
384 159
408 168
408 159
420 159
457 174
459 187
444 201
426 134
444 135
455 125
468 146
402 129
17 84
25 74
63 83
59 109
80 103
77 77
64 71
38 45
68 36
106 45
122 43
136 46
135 29
122 30
162 58
158 66
165 72
149 81
146 88
115 85
103 91
94 85
100 100
183 90
191 74
208 66
220 55
204 39
235 77
245 75
252 67
242 50
252 46
256 77
62 23
65 18
77 19
79 15
85 15
46 14
56 10
60 9
64 12
75 9
87 7
97 8
84 11
313 73
313 65
296 52
297 47
269 42
259 57
257 51
265 41
276 75
314 43
333 54
336 48
341 47
346 49
344 77
343 91
343 95
347 100
361 90
325 91
323 82
368 78
375 75
356 82
388 79
382 59
385 54
389 52
403 58
396 85
423 82
430 81
441 81
437 76
439 73
377 106
385 105
475 107
493 120
497 132
488 141
497 145
500 113
500 104
485 100
487 94
501 91
496 79
489 73
474 76
470 87
464 59
475 39
447 44
462 36
469 32
490 36
491 45
493 50
484 46
479 29
462 23
458 15
479 22
473 28
489 29
496 22
502 25
505 28
502 43
503 53
491 17
483 15
504 16
466 15
488 176
496 162
189 29
195 25
188 14
168 15
47 3
32 3
57 1
80 6
91 4
96 5
104 7
100 3
106 1
117 10
126 10
126 1
121 1
129 2
134 7
140 5
139 12
150 9
145 3
147 9
156 7
153 2
161 3
161 15
170 7
172 2
165 2
179 6
190 9
199 3
205 15
207 2
458 10
452 2
447 3
438 2
462 2
472 11
476 11
476 2
484 5
494 8
501 7
508 9
174 10
150 36
69 5
68 14
17 5
54 3
