146
4 200
38 197
92 189
45 137
80 122
139 114
124 114
113 78
93 92
87 73
73 79
61 77
54 47
48 52
97 29
111 34
197 43
190 48
221 49
218 38
306 50
213 106
226 82
214 78
190 88
272 158
347 127
398 110
369 74
383 53
378 53
340 109
318 106
319 44
329 32
354 34
356 20
367 19
364 6
436 38
434 49
443 17
421 8
407 12
445 120
469 76
438 71
533 90
564 50
543 39
576 29
590 15
582 14
643 32
679 25
714 92
673 94
644 78
759 181
746 139
594 150
595 130
572 177
607 228
564 240
708 268
467 144
514 45
500 37
471 45
640 4
375 26
342 19
337 8
331 15
320 12
295 20
296 9
280 4
271 22
216 1
362 13
302 89
226 109
330 7
677 71
624 5
551 12
756 13
55 71
71 89
16 63
99 53
123 82
132 87
142 80
171 62
158 35
171 30
273 46
271 51
295 43
288 29
314 30
279 25
288 16
247 42
245 52
209 69
187 1
180 13
174 52
221 22
227 22
241 13
243 8
232 2
255 1
187 21
201 10
320 80
376 97
394 73
271 141
243 91
367 29
392 25
402 5
397 6
374 5
385 5
465 13
482 5
470 35
576 8
757 132
314 184
746 173
666 34
656 33
712 29
720 1
608 6
626 31
333 1
312 21
