108
41 106
44 131
5 178
5 230
23 209
92 143
88 97
71 110
116 127
157 214
194 209
227 161
259 154
292 154
388 127
355 190
403 164
447 169
507 149
489 238
397 272
306 241
438 322
263 122
221 122
214 91
172 68
220 65
337 74
292 70
268 85
283 101
472 33
483 9
448 64
411 8
349 38
286 5
241 36
197 26
217 26
145 15
148 39
119 44
127 33
86 55
131 74
134 53
89 202
127 215
234 57
163 48
208 10
94 305
9 151
39 153
74 139
133 226
123 255
73 193
151 166
152 146
155 128
142 133
130 125
197 50
54 73
64 68
96 40
100 67
234 94
159 85
311 78
318 51
368 40
329 20
340 37
287 38
297 39
272 52
84 122
246 51
267 20
241 24
187 4
229 8
161 4
110 11
233 243
490 68
441 101
465 80
458 83
367 106
380 85
379 71
391 9
411 21
444 7
325 58
325 59
454 34
509 39
488 50
476 79
508 88
507 123
124 5
