359
645 461
565 427
5 398
45 397
205 366
163 340
293 371
355 346
390 282
457 332
75 314
15 236
50 246
46 226
147 265
328 268
253 222
316 223
369 192
453 186
453 215
503 212
601 169
527 141
521 126
564 133
578 104
338 150
260 169
180 182
130 206
39 175
108 176
30 166
11 109
35 95
42 94
38 126
52 127
67 133
2 99
7 61
26 90
102 15
110 15
114 16
117 13
120 15
126 13
134 9
145 28
144 21
110 28
98 17
90 56
87 55
77 54
79 84
72 90
56 85
45 125
103 75
97 58
90 86
95 97
97 106
109 103
103 95
117 79
110 78
119 70
127 74
134 72
128 97
116 129
151 75
144 103
158 109
149 126
160 136
82 141
152 38
159 41
168 42
171 54
131 43
118 48
135 50
140 52
30 97
199 134
247 139
233 129
251 98
228 96
198 106
183 107
249 84
213 82
188 79
237 61
233 58
228 53
215 62
214 70
182 56
179 43
171 33
166 17
172 20
175 17
181 19
182 29
178 34
187 34
193 30
196 26
202 15
207 14
207 26
202 29
214 32
218 28
217 24
213 13
227 21
219 19
237 18
239 18
241 21
239 21
233 22
244 23
248 20
253 19
259 20
256 18
259 26
260 35
254 38
251 30
250 36
242 27
235 29
232 30
228 28
223 30
248 42
236 51
636 70
661 60
649 42
675 35
675 20
683 9
684 2
693 1
674 1
666 11
661 8
664 21
648 29
630 7
624 3
616 20
632 35
619 46
594 51
596 25
610 10
612 1
598 9
593 4
587 2
584 5
585 12
577 28
569 12
571 3
565 1
560 29
540 41
542 33
530 36
516 46
496 64
466 70
473 51
492 49
460 43
465 27
480 26
491 27
503 30
505 21
515 20
520 17
524 11
522 8
527 18
529 23
538 17
539 11
547 8
554 6
545 1
530 1
530 7
536 7
521 1
515 1
513 7
507 11
499 1
491 5
488 3
484 1
473 3
464 19
463 2
356 257
269 87
271 74
269 60
265 60
274 40
279 53
278 62
283 59
288 69
295 75
303 62
295 48
313 42
315 68
316 79
336 79
336 65
429 89
402 83
406 70
390 66
427 54
451 59
447 47
440 50
434 45
311 14
307 21
320 10
324 6
328 6
330 3
336 1
341 2
344 4
350 1
349 4
353 1
341 6
339 8
339 11
334 10
333 6
336 13
327 11
326 17
315 30
324 27
332 32
326 32
318 35
320 33
327 37
332 55
337 45
346 30
349 26
349 38
354 8
353 12
355 23
352 35
361 29
364 35
353 52
342 55
361 6
358 1
376 1
384 1
394 1
400 1
398 3
399 9
395 4
394 11
381 7
386 20
393 17
396 16
413 15
417 1
436 4
442 2
447 4
450 2
455 1
462 20
457 23
452 22
440 9
440 25
429 21
432 24
433 32
437 29
450 30
447 31
416 38
410 30
415 29
413 22
405 25
364 21
358 19
372 17
368 21
368 30
362 50
371 44
376 35
384 30
385 37
386 53
408 43
352 77
363 72
321 26
317 12
559 16
641 35
481 10
644 6
30 18
6 23
2 24
371 6
368 1
470 1
473 1
1 81
1 110
150 18
191 29
211 35
214 54
356 199
706 1
