94
3 457
189 412
246 444
372 536
457 568
196 340
166 315
109 212
95 133
154 157
174 158
140 192
172 202
231 215
299 234
344 342
593 338
654 354
735 343
714 285
767 329
666 207
641 193
620 171
607 152
640 156
663 151
602 199
579 180
559 175
476 194
452 207
479 148
462 138
449 120
464 113
479 107
521 97
507 124
522 115
561 116
236 170
225 145
189 125
211 78
228 88
249 56
277 94
292 110
279 113
285 121
77 59
90 57
108 61
104 66
123 60
133 55
146 70
157 54
164 51
324 110
331 106
357 104
316 164
292 158
289 148
322 181
315 197
355 62
361 57
377 40
371 38
369 30
366 34
382 36
433 87
458 90
606 82
616 99
607 112
638 87
677 122
676 97
687 80
697 79
658 49
639 47
725 77
753 79
756 81
753 106
742 145
764 148
284 97
