220
477 297
460 269
466 237
435 232
461 180
440 184
415 160
29 227
63 215
72 215
46 155
23 149
418 112
411 123
400 108
386 86
166 151
150 145
178 141
181 118
207 125
212 115
213 105
190 75
179 91
172 91
163 83
157 77
150 80
153 68
170 61
174 69
197 64
207 58
112 68
128 73
125 77
119 95
141 94
152 101
131 102
97 120
93 98
68 89
72 108
36 103
25 95
2 98
8 115
9 148
225 181
261 181
284 194
299 182
302 200
311 158
320 143
280 99
273 129
255 105
235 109
229 91
235 80
234 76
227 76
220 77
217 87
223 54
236 56
237 63
259 44
253 47
258 51
255 59
268 51
263 62
276 54
283 49
283 53
279 49
288 44
305 43
300 41
294 52
304 57
287 71
278 82
257 78
300 77
312 72
319 63
325 74
312 83
320 90
338 99
379 175
367 157
378 148
447 111
496 153
471 107
425 94
411 77
427 77
417 80
360 39
364 37
381 24
353 33
342 45
331 43
323 44
325 39
313 40
325 52
317 53
334 49
343 67
357 58
350 58
365 49
369 55
370 46
377 44
373 48
383 49
385 72
417 53
403 50
396 48
390 41
389 30
384 33
398 35
412 30
408 44
414 35
420 35
420 30
418 26
424 24
432 23
437 20
435 31
437 28
437 33
429 38
432 54
416 44
443 45
438 50
443 38
204 117
445 71
454 75
466 61
473 57
472 49
469 37
466 41
459 38
454 42
452 37
452 24
456 29
458 25
456 20
464 24
461 31
475 29
467 23
450 15
450 12
466 11
465 18
473 16
480 13
481 19
485 24
479 30
495 30
499 20
491 19
492 25
486 14
484 11
480 10
496 13
503 12
501 14
505 13
507 16
510 47
493 46
473 38
483 47
490 61
481 66
481 72
473 83
510 74
509 56
489 93
388 61
506 102
469 7
486 7
493 6
500 6
476 19
507 4
501 3
511 4
508 7
508 28
504 29
375 18
423 15
385 45
459 20
