89
270 331
278 311
250 314
260 305
225 276
232 269
201 296
191 268
202 258
215 239
234 235
247 247
261 264
270 239
285 251
290 232
309 250
299 278
320 276
346 277
378 261
360 246
349 241
335 232
350 228
364 228
377 226
397 276
416 282
432 266
459 275
455 291
484 286
471 238
458 251
482 232
495 210
510 215
509 229
409 235
419 236
397 195
388 213
371 195
375 189
351 184
378 217
365 217
339 192
321 184
323 208
319 212
289 225
270 215
274 200
293 192
307 195
285 188
256 201
256 190
247 196
248 211
223 206
223 194
208 206
203 207
189 213
187 224
171 256
199 192
503 193
482 190
478 199
72 371
18 335
14 308
162 270
149 272
134 216
121 221
128 209
138 198
52 217
120 200
142 194
161 211
170 207
114 213
109 198
