217
87 489
227 236
230 463
328 475
376 242
316 197
298 168
235 187
178 215
129 235
170 192
201 153
213 123
191 124
189 108
201 90
179 86
173 75
168 96
150 116
140 108
108 94
109 86
86 100
63 92
48 83
40 70
4 81
228 106
218 88
228 81
219 73
263 133
763 184
310 102
275 88
287 81
667 278
716 397
594 519
648 143
584 138
579 127
702 184
664 172
614 88
643 81
698 87
570 61
557 51
511 69
524 84
491 77
478 101
493 113
438 98
407 106
406 131
373 92
343 94
343 104
394 67
427 65
449 79
43 63
55 54
42 23
20 14
89 20
112 28
118 35
152 40
161 18
149 20
173 24
181 21
9 12
2 7
21 7
53 8
55 7
86 7
48 42
76 93
300 35
307 34
304 17
314 21
342 18
347 23
353 24
361 34
365 14
370 21
372 55
392 38
401 18
410 25
415 26
424 26
422 34
413 39
429 48
440 37
440 17
447 36
458 31
467 41
458 45
459 13
458 21
264 141
374 14
394 116
335 9
328 2
350 4
347 12
370 6
376 4
390 3
359 1
365 1
397 9
411 8
417 18
420 5
423 6
404 5
400 4
435 7
446 3
451 7
457 6
429 1
472 42
477 44
496 21
495 8
482 17
476 17
480 2
494 18
514 52
531 22
525 17
530 12
514 15
551 35
546 25
546 7
561 16
568 12
582 15
596 19
592 17
592 9
584 7
570 48
561 30
589 37
546 16
634 26
623 12
614 20
618 10
604 15
611 8
652 8
644 30
650 47
659 29
657 13
663 7
664 22
669 24
678 13
674 9
690 9
689 22
681 24
700 52
695 55
702 31
718 26
711 46
731 34
694 24
755 60
752 22
758 7
736 8
726 6
641 2
622 2
614 1
580 3
572 5
569 2
556 5
22 66
209 15
216 16
203 10
217 48
195 48
232 12
239 16
222 19
265 26
275 32
153 20
284 7
736 254
68 15
83 19
79 20
