136
45 301
213 381
319 155
118 167
153 146
66 155
95 137
96 111
64 130
71 103
45 82
23 86
1 100
486 115
505 161
367 131
369 109
369 86
373 76
422 112
495 23
486 28
417 21
398 28
386 29
300 25
233 29
223 43
223 65
265 95
289 99
304 77
193 63
128 71
101 63
34 32
50 24
9 69
208 28
178 34
175 2
335 18
335 4
314 13
288 6
480 10
311 316
23 19
433 58
240 8
231 14
122 18
96 5
111 5
24 70
39 15
28 6
40 2
47 10
74 5
93 3
121 5
186 5
191 3
197 8
201 17
195 13
205 6
212 8
220 7
210 3
232 5
252 5
309 8
319 10
321 3
344 6
351 6
369 2
383 3
421 11
428 14
432 16
139 8
8 9
23 11
28 36
9 40
15 88
46 64
78 65
86 52
85 2
53 1
46 1
105 28
157 25
167 15
270 16
276 16
317 25
334 30
356 12
370 14
356 31
372 29
422 20
430 30
472 27
472 50
488 47
186 79
123 65
23 129
263 7
259 6
286 262
366 225
410 209
187 246
113 211
508 37
342 12
146 32
67 8
54 7
26 2
14 1
108 3
156 4
162 7
172 8
186 11
189 18
297 10
223 8
