208
152 406
157 348
364 231
477 224
531 268
585 261
602 206
646 247
700 232
763 235
701 328
759 144
716 150
144 161
191 133
169 112
206 93
229 122
241 141
262 136
287 110
293 88
332 111
339 79
341 142
424 158
418 64
495 99
550 92
741 79
762 76
743 49
734 54
63 25
61 32
80 43
78 18
85 19
91 25
91 40
102 34
100 25
105 22
122 15
126 27
129 33
134 30
142 27
170 14
177 40
157 37
160 55
208 40
205 32
198 30
200 4
208 3
215 4
201 8
204 9
208 13
213 15
217 14
212 20
210 26
212 34
222 34
221 29
229 13
233 11
224 7
233 30
231 25
237 39
232 45
233 56
251 29
259 2
250 1
260 18
259 49
266 45
273 68
283 45
282 22
285 19
275 18
273 11
271 7
265 8
280 5
278 2
286 1
290 1
293 7
302 8
286 12
298 37
293 52
315 46
317 26
313 7
325 10
321 10
308 3
320 2
238 110
246 101
251 95
256 76
341 25
347 11
346 3
358 7
370 4
373 15
365 31
356 25
351 54
363 63
378 53
378 42
394 33
397 54
414 40
428 19
424 3
432 1
405 2
399 6
395 2
386 5
467 8
474 6
485 3
492 2
500 23
510 2
515 12
534 6
540 3
548 21
517 50
504 54
528 68
579 71
580 47
562 44
569 36
564 24
576 19
590 10
590 4
615 1
622 18
607 29
617 45
651 5
664 8
637 58
661 79
681 22
704 8
689 2
730 21
741 25
764 16
173 429
302 230
201 225
48 510
69 27
91 16
96 16
72 18
69 18
57 25
124 109
164 70
81 26
185 15
189 26
189 46
189 40
210 62
207 52
189 105
283 155
253 21
266 19
307 16
254 1
346 38
293 73
384 66
425 90
245 91
428 131
450 79
302 130
260 110
419 120
412 73
448 8
391 22
391 13
565 125
637 87
