85
20 196
107 173
191 258
234 176
347 272
393 404
293 459
445 254
492 200
600 265
667 240
721 191
712 89
740 54
751 3
682 40
646 7
633 4
645 73
628 151
608 139
557 139
548 62
558 44
576 16
538 5
495 18
486 22
480 34
475 48
460 30
437 11
416 40
428 37
409 82
470 71
500 111
510 76
447 125
479 133
430 108
328 155
327 112
324 93
322 82
362 102
370 78
318 51
296 45
264 29
242 42
246 62
222 41
228 64
141 103
98 112
31 106
34 84
56 67
87 45
101 29
122 37
60 42
25 59
26 29
3 69
6 97
254 1
302 2
329 10
352 2
269 18
502 23
564 70
689 75
119 59
60 30
2 123
230 154
133 65
173 74
187 1
283 5
270 237
469 2
