153
101 444
73 557
89 567
116 535
108 517
298 566
365 536
428 536
347 508
366 488
290 465
214 476
172 485
290 385
317 363
327 355
327 392
345 400
352 418
472 400
448 385
474 376
496 385
509 362
517 341
554 373
586 379
580 347
621 351
644 317
616 319
603 309
433 333
421 335
431 313
436 309
389 311
392 306
347 321
345 305
325 310
331 309
413 296
405 277
408 260
382 268
368 263
380 257
383 257
356 270
435 282
436 276
435 265
447 282
454 281
448 262
448 256
437 256
440 254
446 256
451 248
454 248
438 237
443 238
459 238
435 238
320 282
329 304
267 319
233 350
362 254
481 314
470 314
506 304
501 298
526 297
521 291
468 285
461 284
464 297
464 282
460 279
477 282
475 281
484 284
481 284
483 282
485 279
495 272
484 273
482 270
476 267
469 262
461 264
461 260
457 262
474 255
478 259
499 265
501 264
516 270
529 274
526 272
535 263
529 263
534 288
543 286
544 258
552 255
554 259
550 267
549 269
555 288
556 295
566 290
580 298
576 301
755 281
750 280
747 279
746 234
740 232
641 251
646 250
630 248
636 266
639 273
631 277
628 273
612 277
606 289
610 290
597 287
615 295
635 291
639 296
643 303
656 298
651 287
648 285
660 260
662 283
650 282
743 358
766 258
767 280
763 279
754 286
638 246
632 246
632 240
586 242
283 298
