167
723 350
695 232
700 161
724 88
619 121
607 175
621 237
541 279
463 298
363 283
372 215
293 239
249 239
219 273
187 297
207 184
226 132
272 139
332 158
366 136
413 118
438 145
463 177
494 183
562 154
614 85
567 82
525 110
543 41
582 17
550 7
480 38
458 5
448 9
454 47
436 54
402 45
405 19
380 36
403 82
340 114
340 89
370 57
346 40
327 53
315 45
359 19
341 9
277 91
293 60
275 38
289 19
270 12
281 3
255 25
247 8
240 14
229 24
220 23
218 30
200 30
204 12
265 66
245 98
228 74
94 244
95 208
164 143
173 115
162 52
148 39
139 72
108 70
98 97
79 144
61 128
29 137
31 113
21 59
38 56
55 65
73 63
15 34
54 36
81 18
100 31
106 23
112 12
124 8
16 17
44 31
161 17
169 14
151 1
138 3
328 3
314 2
307 13
309 31
181 31
172 36
71 46
46 46
11 190
134 125
514 240
222 6
188 6
135 53
107 49
58 111
76 110
519 2
43 14
64 6
88 4
75 1
111 1
180 21
188 17
113 39
135 29
124 20
141 19
139 10
9 22
1 12
10 13
371 18
365 2
375 1
432 2
491 3
363 94
599 167
404 2
161 10
295 96
328 31
72 16
62 21
34 23
153 15
26 36
7 33
2 90
10 64
36 33
69 32
79 47
117 47
124 31
346 78
431 104
492 69
532 62
298 14
300 4
294 3
387 24
393 16
182 50
101 87
132 88
183 62
188 82
215 154
