73
51 312
47 269
161 342
219 313
347 305
422 293
459 369
152 238
227 237
310 207
394 182
313 167
294 157
202 170
62 188
118 137
168 134
144 95
109 95
77 80
43 103
7 94
6 57
32 49
45 44
37 81
69 65
110 54
139 50
157 37
128 34
185 58
204 64
223 70
218 94
266 93
280 114
319 52
285 37
270 43
253 36
352 56
368 73
387 130
420 131
453 97
478 95
508 129
501 202
397 73
438 35
385 52
462 20
482 30
500 38
504 87
421 20
279 5
289 6
304 12
338 4
318 15
196 29
217 25
219 13
237 17
156 12
39 16
59 13
92 9
21 30
10 21
138 69
