234
766 330
751 301
739 292
756 306
708 300
640 293
648 297
659 285
657 275
670 267
598 288
610 285
624 264
694 263
585 270
659 219
656 220
644 218
643 224
645 230
660 234
667 235
651 243
644 243
637 243
640 244
629 237
620 238
613 242
611 233
614 250
609 243
624 252
630 252
635 245
695 243
698 245
705 232
709 243
708 249
723 236
738 250
700 256
709 207
761 204
745 257
735 553
704 574
703 448
523 309
533 307
544 295
551 293
574 270
484 326
445 298
423 306
494 288
490 278
497 269
511 268
525 262
530 261
545 266
477 227
467 222
485 226
453 213
449 219
441 217
433 211
416 217
406 220
407 234
409 243
397 235
399 229
393 232
390 218
377 225
402 202
404 193
407 188
410 183
404 187
396 189
373 201
371 191
375 190
369 189
364 195
355 195
358 209
370 221
371 228
352 226
351 211
325 194
311 192
315 213
310 215
321 224
325 230
331 227
334 227
342 252
358 249
359 257
337 257
352 258
347 266
320 273
311 277
325 284
333 287
333 305
347 319
291 206
300 205
278 198
271 201
271 208
269 218
278 224
282 217
285 216
282 228
304 220
297 217
304 210
284 262
266 250
255 236
262 239
247 224
254 222
280 270
290 278
288 297
263 280
252 291
236 308
247 310
225 240
215 234
229 228
238 238
234 204
224 202
220 205
207 206
207 199
214 200
201 223
198 241
202 243
200 275
126 237
133 230
129 225
131 202
139 202
140 204
144 198
148 205
80 187
71 190
74 194
70 196
72 199
62 197
61 194
49 192
44 194
109 197
107 202
111 200
121 197
125 199
126 197
131 197
134 196
137 193
137 196
105 197
103 197
97 200
98 195
87 197
81 191
84 191
86 189
86 187
76 186
87 193
103 189
105 195
130 182
130 188
128 183
92 233
94 242
67 249
63 249
127 288
95 297
43 268
31 266
11 243
7 235
22 276
1 222
36 362
98 545
137 525
182 567
662 225
42 202
1 212
124 208
206 202
756 209
641 226
759 215
747 217
751 213
749 220
684 207
688 207
679 203
693 203
705 204
699 202
709 199
