159
1 262
13 256
22 263
50 263
40 246
34 241
31 237
43 237
50 237
61 235
57 239
33 239
114 235
124 227
105 246
83 228
78 230
77 236
143 232
147 232
150 236
134 245
139 270
168 264
138 301
105 289
107 280
99 280
90 292
125 310
133 344
116 355
95 360
209 344
218 335
229 328
220 277
230 274
223 263
210 260
211 254
206 254
199 269
231 210
211 212
219 226
232 223
247 223
261 225
268 225
275 226
273 237
290 236
297 234
301 242
306 223
331 218
330 212
322 229
318 228
346 227
312 255
285 258
333 252
343 253
348 267
354 254
360 250
375 228
378 245
366 276
315 309
295 325
290 294
294 283
274 289
268 282
366 212
374 207
381 205
381 200
370 192
373 191
366 195
381 227
362 204
374 197
389 189
394 199
397 190
399 200
402 197
411 222
400 222
400 226
397 226
393 226
397 232
362 259
399 256
408 249
461 222
469 216
469 211
484 211
477 226
462 251
467 237
462 241
492 250
470 303
493 289
521 306
531 250
638 294
622 290
644 276
650 263
663 297
655 212
656 216
638 206
601 219
569 221
558 252
551 248
541 224
532 222
533 219
532 216
535 244
680 247
703 218
705 215
712 208
719 215
728 224
735 211
760 204
758 268
767 217
760 215
611 319
422 387
410 369
2 289
61 230
375 200
377 191
374 187
396 195
412 190
416 189
386 196
591 214
749 201
746 199
477 215
474 295
