205
248 520
372 384
326 354
496 324
414 244
414 164
433 160
447 166
421 144
432 122
397 100
396 77
413 90
505 127
533 136
545 149
581 152
591 192
664 114
723 96
750 100
559 81
235 159
92 122
59 120
63 101
36 101
12 136
47 109
59 80
40 18
55 14
78 73
75 77
105 74
119 79
161 80
159 44
146 49
125 50
111 51
173 59
186 48
174 33
163 43
205 45
209 38
297 49
287 27
266 34
259 36
243 33
233 33
226 7
272 6
300 70
329 72
316 53
321 40
342 43
343 57
335 37
336 27
316 31
312 23
328 11
325 8
339 16
351 8
359 30
366 31
345 6
387 20
376 23
378 10
393 11
381 9
384 6
399 55
291 41
401 10
335 39
401 17
405 19
408 11
419 11
416 21
421 27
429 37
418 51
430 61
444 36
431 14
434 21
439 25
442 21
451 10
447 8
458 12
457 18
462 18
463 4
449 1
438 2
453 11
474 51
471 46
470 40
473 24
472 17
482 18
483 34
477 26
492 45
499 55
511 70
520 62
532 61
505 43
514 26
509 22
501 12
497 10
489 13
475 14
518 11
509 9
526 27
529 14
531 10
537 11
537 17
536 29
539 28
523 7
495 5
490 7
554 31
558 29
554 24
558 22
569 27
577 19
584 16
594 13
601 10
582 53
567 53
554 59
496 41
620 34
616 27
606 27
608 19
599 25
608 66
643 38
651 34
643 27
633 27
627 23
637 20
621 24
615 22
606 13
602 7
574 2
567 2
586 2
537 83
709 45
727 20
740 19
759 18
753 41
761 38
746 9
750 10
740 7
713 6
685 4
767 85
761 7
527 74
559 66
727 2
537 1
529 2
486 2
547 1
558 2
500 4
453 41
454 49
443 51
612 11
610 25
575 47
705 1
708 1
693 1
699 1
715 1
724 3
741 4
