70
488 287
408 283
393 287
427 262
382 317
350 327
358 273
271 257
232 222
211 227
206 204
189 247
154 204
118 207
93 201
67 215
37 217
47 266
35 275
55 311
108 250
9 234
62 136
181 102
179 98
208 102
209 90
204 119
215 153
220 162
262 186
293 176
281 153
299 157
309 153
320 168
333 176
344 172
371 195
361 215
377 214
352 214
317 221
388 178
398 157
384 160
361 149
358 137
378 140
376 125
388 133
414 146
408 133
426 163
449 178
462 170
456 161
464 148
452 134
430 121
408 122
48 76
505 166
510 120
506 133
83 62
151 99
200 102
184 123
219 151
