73
53 330
116 336
157 379
61 213
121 215
58 253
229 368
172 186
287 276
338 304
489 367
305 181
277 185
280 143
273 145
257 143
241 141
250 162
260 157
357 131
389 141
431 141
461 140
489 254
401 123
354 112
184 50
169 25
247 3
249 1
182 7
189 16
272 42
294 73
311 44
275 2
337 35
11 275
369 7
361 1
341 4
349 16
354 13
393 27
386 21
384 4
389 2
401 1
424 2
436 2
356 77
376 80
400 84
414 79
421 72
441 74
446 67
458 24
453 25
450 13
247 216
507 20
510 17
501 13
355 85
447 12
230 5
233 4
220 3
198 18
152 39
175 8
199 6
