217
14 318
19 247
74 343
159 267
163 205
299 257
326 285
362 255
391 289
474 264
482 240
483 215
467 219
436 195
377 172
19 218
48 191
29 144
8 144
55 147
82 197
75 168
97 127
135 129
170 143
160 134
203 151
241 131
270 120
302 169
285 169
330 147
358 127
415 78
453 59
471 73
472 108
1 39
6 35
5 19
14 18
18 15
18 13
25 14
23 27
20 35
10 26
18 37
26 42
27 35
31 36
35 43
25 47
33 6
38 37
51 22
38 28
60 12
64 22
68 31
59 37
56 32
51 38
52 47
65 45
71 44
64 28
79 39
77 47
86 42
82 32
82 29
82 25
88 9
94 41
94 37
90 33
95 30
100 30
101 37
106 39
104 27
110 27
109 21
104 19
102 11
117 20
120 26
125 15
125 11
117 35
120 32
119 49
125 39
102 49
112 58
114 72
105 74
100 70
97 69
87 78
82 90
75 78
63 91
58 56
45 50
35 83
31 76
20 70
24 102
28 93
71 115
98 101
122 84
169 78
162 78
159 70
181 70
190 61
209 84
117 198
256 83
235 59
224 52
252 52
284 69
274 68
356 68
325 81
334 83
382 65
137 36
132 32
127 25
130 22
135 19
135 13
140 14
142 10
145 17
141 24
146 33
155 26
153 16
158 18
162 28
172 34
168 41
158 36
159 45
150 48
152 58
129 50
188 40
181 34
187 31
192 29
173 20
177 20
176 12
172 11
207 35
205 23
209 19
207 16
223 14
224 29
229 31
233 31
238 31
212 28
220 38
215 40
227 43
238 59
248 38
254 28
251 10
255 10
261 9
240 16
270 47
281 52
292 37
286 34
277 33
297 51
296 55
318 47
323 25
318 1
333 5
361 16
397 6
385 23
369 48
342 52
452 17
460 3
426 19
78 66
22 20
4 47
85 52
136 79
145 63
174 73
142 44
147 42
116 93
47 104
88 306
57 252
122 270
133 202
272 249
244 152
