123
48 64
42 51
28 119
53 125
53 102
79 124
112 132
113 112
115 106
158 96
191 84
210 66
179 128
156 134
196 129
182 178
103 199
140 254
205 257
211 239
207 211
215 190
241 168
256 165
263 185
269 165
305 166
310 178
334 182
359 189
372 206
353 133
353 118
307 56
284 108
268 112
275 118
272 124
262 124
264 147
20 122
579 77
575 89
596 75
606 74
615 73
619 81
632 76
636 81
587 129
541 97
534 93
551 116
527 115
499 113
460 99
433 100
440 111
400 129
408 129
422 132
481 121
493 126
525 134
558 138
523 155
536 168
595 185
636 177
462 238
439 229
411 177
440 167
454 170
505 179
645 212
660 231
675 144
697 145
718 220
741 209
749 261
756 278
689 472
758 509
658 111
662 102
674 102
682 99
664 81
649 80
644 81
639 75
650 75
677 65
684 65
694 57
695 59
704 62
695 79
715 62
727 58
731 56
728 64
723 74
733 79
734 105
755 84
748 77
738 68
748 52
750 55
755 65
765 71
757 58
734 63
766 97
715 77
743 65
750 69
642 61
421 176
723 81
