77
155 355
126 304
36 278
1 55
13 54
10 43
22 46
26 103
25 123
17 150
10 194
47 144
97 171
71 236
111 261
180 251
158 197
150 177
139 132
98 137
224 157
269 157
298 195
354 182
368 181
251 217
261 243
380 279
253 75
454 333
496 249
453 138
403 87
226 41
185 30
141 54
102 25
82 19
65 17
138 22
158 22
255 46
273 50
301 54
309 50
336 34
362 61
388 49
401 43
422 44
432 69
435 47
451 52
509 150
509 70
496 33
362 14
312 23
292 23
27 56
22 34
1 35
82 8
129 5
115 3
373 5
415 5
428 5
216 6
197 7
241 1
203 2
341 9
354 4
382 7
390 10
437 3
