146
40 326
40 219
66 213
84 221
49 192
65 163
17 133
16 102
39 120
162 169
199 182
215 198
263 203
276 256
373 152
452 129
488 133
234 108
4 26
12 15
1 9
20 74
22 13
23 23
29 26
33 14
47 14
43 28
50 36
60 50
45 69
61 81
80 49
63 18
66 28
74 33
77 28
89 14
84 11
99 16
97 24
104 24
106 5
87 2
72 2
92 15
121 68
116 62
115 54
119 32
117 23
130 24
132 45
125 35
144 61
153 73
170 94
182 83
197 81
162 57
174 34
167 30
157 17
151 14
140 18
121 18
178 14
166 13
189 36
193 19
196 14
205 15
204 23
203 39
207 37
185 9
148 6
142 9
226 42
233 38
227 33
232 29
247 36
257 25
267 22
280 18
289 14
264 71
245 71
227 78
150 54
315 46
310 36
297 36
298 25
287 34
298 88
345 51
356 45
345 36
332 37
324 31
337 27
316 32
308 29
296 18
291 9
253 3
244 2
270 3
204 111
434 61
457 27
475 26
501 24
492 55
503 51
483 12
488 13
475 10
438 9
402 5
511 114
502 9
190 99
234 88
458 3
204 2
193 3
136 3
217 2
232 3
155 6
92 55
93 66
79 68
304 14
301 33
255 63
428 1
432 1
412 1
420 1
442 1
454 4
476 5
