290
6 343
77 286
45 244
86 237
129 222
181 306
319 378
392 308
446 301
532 224
541 180
573 180
495 185
467 183
465 195
485 222
239 224
273 227
182 203
203 190
208 190
188 184
175 182
189 145
198 148
216 136
261 161
248 189
293 163
301 164
319 177
343 177
378 190
407 188
408 172
460 145
384 172
367 153
390 140
398 129
422 117
426 120
340 142
326 149
326 129
322 132
308 133
302 135
293 141
246 136
260 117
241 110
240 103
202 113
175 111
178 106
249 91
255 96
265 92
270 80
264 81
263 81
193 94
203 94
191 84
187 90
183 91
181 92
182 88
182 83
178 82
179 85
171 84
168 84
165 82
159 84
163 89
172 87
175 89
160 92
156 92
170 92
167 95
158 101
149 95
145 92
148 90
136 92
133 94
103 85
101 86
111 95
274 81
280 79
278 84
276 93
275 96
289 88
295 91
297 79
299 78
309 83
307 86
315 86
326 86
333 83
334 89
323 95
329 99
337 100
340 99
352 102
362 96
354 86
356 83
363 87
370 89
374 94
378 121
384 82
395 91
398 90
400 100
402 89
408 109
418 89
415 94
422 91
415 90
427 90
432 92
436 92
442 92
453 91
446 107
446 104
453 100
455 104
457 110
461 103
468 105
483 97
487 96
496 87
498 104
495 107
502 122
496 142
506 106
510 109
505 97
516 100
515 97
519 101
527 110
526 105
521 95
526 89
522 84
537 104
560 98
566 99
564 91
564 83
574 85
577 88
642 123
641 117
648 111
656 113
671 103
687 110
674 93
689 94
706 104
708 91
703 84
707 83
719 81
718 88
731 90
740 86
747 82
752 92
747 90
756 88
735 106
692 81
692 78
685 81
682 86
678 79
674 86
681 68
674 73
669 72
670 72
671 83
667 83
665 90
658 89
662 86
653 87
661 84
662 74
654 80
650 79
647 85
647 89
645 90
640 93
634 90
629 95
611 92
606 95
584 91
582 83
594 82
594 88
597 83
600 86
603 85
604 82
607 75
604 89
611 85
611 81
617 82
624 80
623 89
621 86
625 85
628 87
632 87
632 82
629 81
637 84
643 83
643 80
621 72
615 74
637 70
635 71
642 71
645 71
648 70
652 72
616 67
618 65
615 64
615 61
613 63
611 57
606 56
632 60
629 66
636 63
636 59
647 62
650 63
651 65
657 68
655 65
656 64
659 62
659 60
656 60
653 60
652 58
666 65
670 64
672 64
674 65
673 63
672 62
670 62
671 60
669 59
667 60
665 58
664 61
665 63
675 59
677 62
679 64
681 63
679 59
681 58
681 56
634 193
