117
288 350
75 328
131 182
156 175
224 151
290 148
339 288
419 307
378 179
327 138
497 133
510 230
545 187
587 209
599 142
656 189
705 287
694 251
655 161
625 81
645 94
675 71
685 78
655 57
710 63
724 54
593 41
603 46
750 31
763 2
743 4
712 19
723 19
685 34
691 21
686 15
676 13
641 25
614 38
630 20
615 33
616 17
623 16
606 7
590 14
581 17
583 9
559 16
527 1
526 14
519 11
535 1
507 12
499 8
490 6
481 11
478 18
460 19
451 1
460 1
407 2
410 4
363 46
374 53
313 65
353 1
262 102
290 72
260 85
240 42
229 36
265 17
279 36
285 13
277 1
331 6
325 1
221 87
190 85
150 86
150 68
177 65
194 63
138 85
99 65
63 87
72 78
11 91
1 198
45 71
4 47
49 62
63 57
71 63
53 34
40 18
41 2
25 7
26 12
65 18
94 7
85 6
101 4
125 27
126 10
144 1
200 34
185 45
214 13
184 22
174 7
194 1
200 1
238 1
73 1
83 1
631 12
