125
5 411
100 391
102 443
125 367
173 365
118 311
150 312
117 294
57 325
353 441
419 421
414 347
385 350
508 339
575 385
668 330
674 312
612 262
544 263
540 239
474 263
460 275
415 235
388 253
372 248
342 286
328 291
264 271
235 280
209 284
185 273
160 286
49 265
61 263
72 257
85 252
93 247
100 249
74 244
69 239
71 235
71 228
62 231
57 233
54 238
48 257
53 255
41 240
28 249
30 243
27 241
20 249
18 255
7 247
6 262
13 244
30 233
1 242
1 250
83 232
92 236
104 236
110 244
123 235
130 230
130 241
143 235
145 240
146 223
132 250
158 240
156 228
166 220
173 225
165 235
179 239
183 225
212 199
222 223
226 226
246 228
260 225
250 228
271 219
285 218
249 244
235 258
338 228
344 213
429 218
469 208
486 205
545 214
536 185
563 190
572 216
593 206
594 192
589 193
628 234
668 220
684 231
669 265
705 219
681 206
684 191
689 182
718 208
750 213
765 190
736 188
717 160
692 138
711 115
706 124
695 106
686 119
642 143
605 137
606 132
593 139
586 142
569 142
592 161
766 226
