80
290 439
276 389
268 325
173 239
184 215
453 426
477 432
585 409
643 295
757 258
717 233
659 211
604 183
473 228
428 213
758 109
38 156
26 129
2 120
160 104
150 78
261 57
413 79
735 44
745 45
730 38
721 35
700 33
685 18
677 23
694 19
712 19
713 13
717 9
720 5
705 7
705 1
729 6
736 16
746 10
751 27
761 29
766 8
754 10
767 29
627 37
637 17
604 32
613 21
536 41
527 34
517 29
501 24
500 1
447 24
451 14
444 15
444 9
437 12
431 12
427 17
685 1
349 30
344 35
317 12
314 3
293 1
303 7
306 27
263 11
254 14
241 16
229 9
240 27
22 42
70 24
59 19
51 12
578 1
704 26
