276
232 522
72 278
25 269
30 242
148 293
126 223
420 242
456 232
435 186
481 263
480 210
496 213
510 244
749 236
180 162
129 150
129 137
217 121
238 230
253 203
243 168
277 178
311 198
329 190
312 175
311 153
275 149
253 128
242 142
240 153
274 124
255 113
266 120
283 105
301 95
308 96
331 111
321 122
306 116
293 128
328 133
362 118
355 110
350 149
369 172
357 187
467 110
438 106
405 96
388 98
364 93
357 96
338 88
350 86
123 53
127 54
136 53
146 48
163 54
166 43
176 52
180 51
382 77
391 72
396 72
403 70
407 80
418 83
417 69
427 65
431 62
472 86
490 88
498 109
467 67
205 48
209 49
240 47
236 48
255 44
277 46
346 36
356 39
359 40
367 40
368 36
395 32
400 32
405 29
401 41
424 39
454 53
455 20
462 18
462 60
636 155
555 176
544 128
512 122
509 94
527 94
563 98
572 87
586 94
594 70
608 85
610 77
619 91
633 87
631 74
653 86
665 90
683 97
693 83
713 77
684 80
675 71
662 70
656 73
637 67
639 58
638 47
651 54
661 41
669 44
666 55
681 60
683 50
692 56
699 50
714 52
723 54
723 44
738 50
733 21
702 40
697 37
692 43
688 40
691 35
705 36
702 30
693 30
690 26
697 21
703 25
706 22
711 20
717 22
709 31
635 33
626 30
622 30
619 26
611 26
603 34
595 35
590 37
586 34
580 38
581 46
578 31
579 26
588 25
588 21
592 19
598 16
600 12
611 8
607 15
597 21
598 25
596 24
609 22
611 19
613 17
633 21
641 23
643 20
639 16
657 25
673 17
680 16
686 10
683 7
686 3
678 3
679 1
687 1
693 3
690 7
694 7
698 3
651 4
661 7
663 7
658 5
659 3
661 1
666 2
672 3
671 4
719 3
714 15
714 12
725 14
735 17
764 3
761 3
715 45
694 14
699 6
702 3
700 1
707 1
709 3
711 1
666 5
599 33
488 63
492 62
491 57
480 61
483 56
498 55
498 50
506 53
511 50
528 60
528 48
526 33
544 53
552 51
563 35
569 31
570 26
567 28
561 28
552 27
542 25
488 27
498 24
503 25
491 13
485 16
488 12
477 14
473 14
467 18
468 26
473 24
472 36
469 36
466 38
481 26
485 24
520 22
532 25
539 21
556 16
554 21
557 20
566 17
568 17
539 32
534 29
540 36
542 33
548 30
505 24
572 45
571 70
83 151
112 167
116 196
47 133
