130
37 297
506 349
506 267
490 151
455 120
412 95
434 103
456 103
381 96
355 120
319 169
279 125
260 130
198 181
180 154
188 127
132 166
83 174
102 151
76 149
16 177
2 72
15 86
15 76
8 122
31 94
49 85
46 73
42 75
37 62
57 83
69 94
79 89
82 128
109 124
129 103
126 86
102 86
94 86
96 32
118 47
132 42
144 52
151 86
157 100
165 88
174 84
190 108
192 93
218 97
222 108
160 47
270 110
268 96
248 92
213 54
168 44
225 44
232 43
234 35
249 35
261 43
270 39
287 40
296 20
305 20
317 20
323 24
327 25
324 40
310 50
326 103
325 86
336 69
334 43
336 33
336 27
276 81
298 95
226 96
343 27
344 17
354 15
359 13
350 33
344 44
345 38
349 45
363 55
356 59
356 52
352 65
343 68
340 81
353 92
355 77
360 101
399 66
381 53
413 45
403 45
423 43
436 38
448 42
448 35
455 54
468 46
489 44
500 45
502 38
508 39
511 45
511 30
484 95
464 90
447 82
434 75
509 109
457 64
477 45
485 76
505 84
266 187
312 81
469 34
470 102
295 119
453 24
211 31
328 33
