80
124 341
227 373
403 321
372 254
309 264
274 215
244 207
103 247
54 243
64 220
11 176
63 160
74 154
91 152
131 162
145 164
183 176
158 145
197 157
248 149
266 154
277 149
284 150
310 156
355 168
341 170
339 147
323 136
360 137
222 129
217 147
228 143
233 137
234 151
304 138
368 137
372 149
383 169
385 143
407 136
398 121
430 130
431 118
432 161
447 152
415 175
421 187
458 197
421 122
472 139
468 161
475 170
485 156
492 146
459 129
459 121
465 118
460 111
457 115
466 96
472 97
467 109
474 109
476 115
479 113
475 129
445 123
448 128
452 143
500 150
498 125
491 121
494 109
483 109
503 115
505 110
487 114
481 211
495 187
451 320
