146
254 349
339 340
463 398
501 311
553 327
555 561
513 573
51 358
131 331
167 339
200 311
254 327
322 265
353 267
324 227
312 211
292 204
268 210
254 228
243 242
213 250
225 216
242 196
216 192
160 258
173 241
138 252
122 240
92 241
77 247
80 263
23 312
7 277
2 265
25 254
27 220
13 219
3 219
59 235
85 228
68 213
76 199
108 195
140 200
165 191
183 185
190 185
273 171
284 174
289 168
307 171
267 155
260 162
199 169
194 176
168 182
129 175
104 189
113 189
81 183
93 166
81 157
55 173
39 162
41 180
30 201
42 208
15 193
16 273
82 238
108 164
121 158
104 157
132 155
148 158
159 152
169 157
180 159
461 244
459 233
502 235
512 232
463 214
533 227
596 211
658 202
646 189
649 163
607 176
585 163
568 143
546 176
503 185
730 160
713 135
726 125
758 136
765 161
759 214
685 144
557 128
549 128
544 127
547 112
563 106
556 120
562 113
565 121
569 130
573 132
572 126
583 124
589 116
585 102
574 104
588 106
603 111
608 107
603 103
600 103
610 101
613 103
621 112
615 108
621 104
616 114
611 124
619 138
621 157
604 161
591 146
574 174
610 145
626 98
634 102
647 94
653 94
647 100
642 100
659 100
753 96
757 99
740 100
746 96
667 100
675 98
