97
131 321
167 293
181 281
181 331
204 342
214 366
373 341
342 322
376 310
405 321
423 291
433 262
482 306
322 253
305 255
318 225
325 221
263 223
267 216
207 237
204 215
177 222
185 220
295 202
285 178
288 154
254 165
235 159
251 151
255 150
219 168
324 184
325 176
324 162
340 185
349 183
341 157
342 149
326 150
331 147
339 149
345 138
350 138
328 125
334 125
357 126
324 125
170 185
183 214
101 233
55 275
227 147
386 226
370 227
419 213
413 205
446 204
438 196
368 188
359 187
363 204
363 185
357 180
381 184
378 183
389 187
385 187
388 185
391 180
404 171
389 173
387 168
379 165
369 158
359 160
359 154
354 158
376 148
382 154
409 161
413 160
432 168
449 173
446 171
458 159
449 158
456 192
468 189
469 153
480 148
482 153
478 165
476 166
484 193
485 201
499 195
122 206
