94
69 271
76 292
128 368
24 143
331 236
332 178
377 182
395 137
95 89
121 90
118 71
99 73
90 65
311 107
453 116
312 55
292 61
277 59
291 53
300 43
326 33
350 42
364 38
367 53
377 54
392 49
403 42
424 38
422 47
404 67
409 55
438 50
451 39
465 46
472 39
482 45
494 37
467 80
301 13
326 15
376 19
389 22
490 21
425 13
411 8
446 2
463 10
476 9
485 11
342 9
365 14
493 13
507 106
510 86
132 64
81 59
63 81
57 46
54 39
64 26
71 23
68 33
77 28
92 8
111 9
116 13
114 60
128 87
48 16
20 6
29 2
98 4
459 6
468 2
433 4
417 4
383 8
392 14
370 1
510 15
510 33
4 1
39 1
43 1
293 1
329 1
387 1
399 37
510 8
455 5
476 34
432 57
392 6
398 4
