211
728 404
709 265
603 222
635 196
629 169
575 195
583 159
548 153
522 167
501 172
486 196
468 144
500 143
472 195
433 252
330 252
348 225
374 202
432 149
419 134
264 253
235 274
178 254
92 238
126 176
170 180
197 185
215 148
245 151
244 123
198 103
131 92
119 107
112 94
101 100
59 127
55 103
23 116
27 104
6 103
3 120
16 73
8 62
1 61
6 52
2 35
9 36
6 30
27 61
20 54
22 39
11 32
26 34
34 37
37 36
32 47
39 51
43 50
50 54
36 66
58 51
68 51
63 63
75 52
80 53
77 68
75 35
76 32
69 37
70 30
67 23
86 45
86 40
97 61
98 50
96 42
102 39
109 35
107 38
117 44
115 37
121 38
125 42
130 36
134 39
141 43
140 37
144 38
147 40
147 29
156 27
151 34
153 40
160 35
157 35
176 35
178 32
170 29
198 44
182 35
199 37
193 29
197 27
185 24
212 32
212 23
222 27
218 27
247 31
252 22
257 16
276 40
279 17
276 19
290 17
317 39
327 40
313 48
323 58
325 68
309 57
299 62
237 47
227 45
213 37
175 64
166 59
169 41
172 37
172 101
158 85
154 73
132 63
114 65
206 106
222 85
230 76
251 73
283 86
292 84
332 99
347 80
358 57
352 40
357 40
367 51
368 61
373 70
385 72
384 43
392 34
406 60
423 43
434 43
453 41
444 41
471 42
472 55
471 63
446 77
426 80
455 116
496 111
513 108
541 77
524 74
522 47
551 41
554 61
566 38
592 56
598 55
621 68
598 104
601 123
561 113
548 127
549 109
550 104
550 94
550 84
642 107
321 199
648 119
657 107
643 70
645 48
632 8
608 15
651 7
678 5
693 11
672 53
710 53
729 63
740 42
746 91
749 132
758 156
698 163
689 142
710 128
692 114
673 116
643 147
714 270
233 27
15 24
15 31
90 53
176 91
