115
20 379
55 305
120 309
172 317
163 297
197 261
220 267
245 288
305 257
367 248
5 229
15 229
22 226
35 222
12 251
51 268
51 252
72 273
88 285
53 228
65 222
83 217
84 230
90 227
94 220
98 216
116 221
133 227
133 214
150 208
138 203
162 243
167 208
175 208
159 209
189 202
176 199
184 195
211 239
267 239
288 245
223 208
240 208
262 213
278 207
196 204
200 197
219 200
221 195
228 191
229 198
235 200
238 191
249 193
251 199
261 194
267 194
274 194
213 200
207 201
384 234
374 219
357 216
316 206
302 209
340 209
285 198
285 186
295 185
310 188
315 180
342 184
347 179
353 175
333 175
328 182
322 185
310 179
304 187
363 180
365 186
372 186
384 179
365 205
361 197
338 195
394 188
391 180
392 175
406 182
415 179
410 201
428 181
442 191
450 186
442 206
406 197
421 194
410 192
454 215
459 188
465 185
469 187
482 181
494 183
500 192
508 183
510 196
486 230
485 215
485 202
305 179
389 227
280 197
495 216
