139
5 471
98 310
123 364
138 348
129 302
44 284
15 258
5 201
69 205
84 207
97 203
74 167
94 160
106 146
119 141
133 132
145 127
170 132
186 123
194 120
192 180
214 166
226 163
229 151
230 144
234 111
258 108
253 124
266 147
281 132
287 132
285 124
305 146
321 126
318 143
356 110
367 105
380 113
424 117
431 122
246 301
273 333
331 388
331 343
388 331
348 309
309 304
266 240
260 231
233 203
340 252
389 255
396 222
404 205
400 172
343 175
445 154
573 222
565 212
588 203
407 86
528 100
514 107
476 121
445 129
450 127
436 115
556 107
548 101
553 98
572 114
581 114
572 105
569 94
584 92
561 82
610 84
479 57
481 42
492 47
499 16
510 28
519 29
509 44
539 16
537 7
510 7
507 10
520 1
651 143
647 129
633 119
614 116
620 105
619 85
624 87
628 85
640 83
653 93
657 96
644 107
663 105
681 97
678 89
674 82
672 69
683 74
691 79
688 85
689 90
684 84
698 93
688 109
707 104
706 96
704 83
703 71
709 82
700 80
719 79
714 99
724 100
723 119
731 135
741 136
713 153
693 146
734 183
758 93
759 84
728 64
729 73
749 74
739 62
742 61
762 64
767 100
765 202
766 90
