206
3 559
84 556
130 537
39 454
93 445
156 434
131 372
142 354
215 391
296 402
289 408
213 437
236 458
217 474
215 500
425 398
416 376
411 360
431 353
404 345
359 347
351 354
331 320
318 314
84 313
699 371
700 339
731 352
702 325
678 330
660 327
625 352
657 365
742 332
765 324
256 332
258 324
245 321
289 296
252 305
289 278
277 273
285 265
278 254
275 255
271 256
256 255
272 264
264 273
251 279
250 274
243 281
262 306
215 297
207 296
214 283
191 280
180 287
198 276
193 267
204 263
192 255
222 260
231 251
238 253
236 258
249 260
241 263
309 240
296 225
289 227
270 227
335 233
339 247
334 260
331 259
358 250
367 247
369 255
390 248
380 276
394 271
393 290
752 264
746 264
757 254
752 248
750 255
742 257
726 268
712 244
707 242
707 229
674 224
671 228
665 221
699 253
695 253
693 245
687 245
691 257
684 261
678 260
672 261
668 261
661 262
656 261
654 260
642 262
627 247
614 249
617 249
622 239
617 241
613 239
609 239
606 240
605 241
615 221
616 217
630 219
638 219
632 245
635 238
637 239
644 238
646 237
658 238
663 238
666 240
667 244
671 243
678 243
493 306
476 302
464 290
484 285
473 285
474 277
481 268
497 271
524 284
524 270
518 267
531 250
527 251
424 289
407 293
406 283
417 281
431 278
445 285
454 281
458 278
473 271
472 247
466 248
471 240
465 240
458 240
456 247
464 264
464 271
474 266
478 255
455 265
443 255
438 257
433 261
411 254
428 240
418 240
412 237
404 239
401 238
390 234
384 238
332 231
337 256
373 229
371 230
364 237
378 212
382 230
400 233
402 229
402 231
407 232
408 230
410 234
413 232
429 231
426 230
276 230
293 228
249 572
653 344
637 332
712 330
767 343
710 269
373 219
369 219
369 216
214 228
217 226
