81
176 336
196 288
238 304
289 299
289 270
370 216
193 244
232 224
265 218
283 177
347 196
346 267
215 133
243 127
196 110
196 94
179 82
187 59
221 59
249 88
125 62
134 76
93 78
101 65
68 67
72 92
56 83
16 76
28 108
39 115
289 64
313 102
373 67
340 78
350 62
324 62
403 67
435 60
466 55
483 58
448 99
502 96
497 83
23 34
56 27
243 1
253 49
285 48
268 39
295 27
314 10
333 8
340 4
360 9
311 29
301 56
311 48
335 47
357 41
387 38
407 44
408 37
427 32
464 30
459 10
457 2
422 10
389 9
500 7
265 11
263 53
330 24
341 17
362 25
361 51
205 93
176 301
174 92
287 1
346 5
400 50
