70
61 370
134 361
100 293
9 315
8 280
26 242
91 248
77 199
131 202
170 242
203 203
232 188
209 143
166 161
143 137
125 140
45 158
76 127
26 127
86 112
94 107
70 103
113 121
148 122
179 121
296 169
309 188
379 212
426 212
433 290
456 128
396 133
194 92
179 89
163 89
143 79
158 59
191 64
215 42
224 71
98 81
179 38
203 55
212 57
224 57
204 73
177 53
166 58
137 58
131 64
141 73
162 75
179 64
221 99
228 105
199 111
328 194
365 126
116 80
124 116
40 140
47 122
53 118
195 57
222 119
510 346
448 124
419 130
211 175
432 133
