175
178 324
293 380
437 459
430 503
306 314
340 272
103 261
6 217
29 211
102 169
89 146
55 62
45 46
13 33
28 34
78 60
67 40
57 35
61 12
95 44
100 69
119 47
106 10
122 2
137 20
171 71
172 144
194 78
200 87
195 106
229 128
345 149
232 40
227 17
249 32
303 51
326 32
337 44
360 112
374 111
399 120
426 129
542 243
635 213
622 188
531 152
498 120
478 100
595 167
611 163
539 96
517 72
511 64
489 49
485 46
494 40
471 42
445 62
419 47
427 39
405 40
404 31
394 27
402 1
416 2
386 2
426 12
445 37
671 112
694 98
752 103
767 121
758 67
763 46
763 24
757 24
748 14
742 25
734 22
729 20
710 54
709 75
699 84
673 87
654 87
636 88
617 86
593 77
598 55
604 60
616 62
622 40
649 42
660 44
645 34
653 33
659 25
669 25
635 28
610 32
585 28
597 24
594 19
590 14
577 14
593 5
611 5
623 11
623 20
634 16
638 16
632 11
634 7
641 8
670 17
665 10
661 4
749 56
763 12
747 6
744 11
738 10
732 8
731 13
727 11
721 11
710 2
700 1
695 1
688 5
684 4
671 8
703 8
717 9
660 11
646 20
652 18
648 14
678 20
677 59
687 64
561 71
575 59
538 57
529 54
511 46
481 33
461 37
532 45
544 40
550 45
559 40
572 46
569 9
540 14
565 6
499 15
486 16
473 27
482 1
510 8
426 1
435 4
424 31
417 26
363 3
368 3
349 8
379 27
352 1
56 21
422 38
449 54
424 106
515 34
