97
411 342
338 341
323 364
19 373
436 247
287 204
307 190
205 174
128 177
99 186
3 162
491 113
477 69
469 71
460 71
461 52
476 49
470 62
483 23
495 12
495 23
504 14
509 27
485 62
426 55
409 106
394 107
325 124
328 93
237 136
247 108
252 65
278 64
300 69
325 57
355 61
371 47
375 44
390 58
404 54
332 38
302 40
287 56
291 34
261 32
250 38
236 38
235 30
250 6
346 6
343 1
349 3
364 3
373 3
380 1
212 98
231 81
201 67
217 47
206 47
211 32
228 36
223 32
211 21
203 21
195 17
176 10
177 25
189 39
174 39
160 49
160 108
133 113
103 120
69 93
79 88
95 83
134 59
107 39
89 39
67 67
54 75
10 96
3 119
7 49
1 44
37 47
52 44
71 44
25 1
45 6
48 1
69 3
90 1
100 30
196 74
191 4
