89
184 358
212 292
223 261
269 244
290 335
373 249
375 227
24 223
3 296
470 227
483 234
478 207
610 292
640 328
654 163
686 124
629 114
461 132
428 120
348 102
248 120
239 134
5 85
23 80
62 65
117 59
361 93
741 108
759 103
738 91
704 76
20 64
31 51
46 42
66 30
81 38
134 42
152 58
164 56
166 5
209 28
203 14
217 8
298 86
311 68
288 58
297 32
266 18
254 24
223 10
189 7
144 10
431 112
373 77
381 54
345 36
366 36
373 18
421 32
431 27
424 13
388 2
260 1
273 1
208 9
211 21
357 2
201 4
524 121
521 90
543 95
606 98
642 85
655 79
676 83
680 38
641 25
558 43
553 40
509 52
695 13
675 13
691 9
703 6
709 8
715 17
719 10
7 2
627 47
