74
266 387
53 467
455 345
628 354
652 470
659 212
658 166
762 157
554 141
546 214
569 258
504 159
403 218
330 215
218 206
72 180
16 193
17 260
79 121
19 170
65 161
36 118
7 75
1 53
23 59
49 82
62 96
90 79
86 106
121 68
130 19
148 108
179 127
187 95
224 97
230 71
246 68
245 50
286 25
289 94
289 130
297 147
305 112
346 112
340 98
356 124
369 84
323 34
314 30
356 35
349 22
364 8
376 22
399 18
417 22
430 20
422 42
424 57
449 41
438 5
446 6
511 20
505 23
528 5
509 67
476 62
452 92
496 84
496 117
485 133
574 1
149 184
766 386
601 2
