355
149 434
193 417
299 341
560 317
622 210
711 225
732 205
140 192
184 188
214 187
274 200
307 209
339 190
356 199
274 116
222 118
176 113
165 102
152 109
120 110
90 120
87 148
83 166
65 143
37 159
21 143
56 124
56 109
29 109
11 127
36 98
21 104
13 116
4 99
1 70
88 84
95 78
109 70
132 70
150 67
84 60
74 62
64 62
52 66
35 57
184 61
175 59
166 53
159 51
151 56
148 61
142 47
16 59
19 58
13 56
15 55
1 56
19 55
18 54
743 147
739 105
699 96
662 133
669 168
571 109
558 117
548 94
581 91
613 70
650 87
645 74
682 87
680 67
656 70
656 64
644 55
628 51
613 60
622 43
615 46
603 39
606 35
598 30
591 42
576 42
587 29
583 26
577 26
569 22
580 17
574 17
564 27
555 33
560 38
548 67
541 60
509 88
472 99
442 124
427 104
412 99
392 107
417 77
456 77
470 78
482 77
482 55
466 53
453 50
442 45
505 63
519 48
520 40
521 29
516 25
458 23
478 24
502 32
510 50
507 26
539 27
556 22
563 12
556 10
544 5
541 7
540 2
531 9
527 14
520 19
509 11
515 7
522 5
519 6
502 9
502 2
494 15
489 12
486 2
480 2
424 36
415 33
406 37
392 66
387 62
293 88
319 68
322 59
311 49
310 42
303 37
292 37
303 31
306 28
310 33
328 43
334 48
357 68
387 84
382 58
382 46
372 35
379 33
432 28
427 28
438 17
363 32
356 41
349 36
357 25
352 28
352 24
330 25
321 23
310 27
330 19
335 17
330 14
326 18
332 13
339 13
336 12
340 8
346 5
348 17
355 12
359 15
367 18
380 10
384 12
393 20
395 8
416 8
420 9
423 17
428 11
441 12
447 12
450 4
442 5
435 3
444 19
371 1
365 4
350 1
360 1
360 1
411 1
453 1
234 68
213 72
207 59
198 63
205 48
215 41
241 50
247 42
255 41
269 39
269 33
270 46
271 57
285 40
281 44
297 36
298 5
323 3
312 3
308 7
306 7
300 4
291 7
284 14
278 10
267 12
196 38
213 13
200 32
199 46
190 58
194 53
195 46
192 36
189 37
197 31
196 35
203 30
204 28
202 26
208 29
207 14
198 12
202 9
241 27
48 52
41 51
34 46
28 56
28 54
52 26
59 26
75 23
87 53
80 54
78 56
90 62
101 68
106 56
122 67
126 67
130 70
140 70
123 43
117 43
114 46
89 46
60 56
72 53
53 45
47 47
63 43
69 44
74 45
81 38
84 43
87 36
89 36
90 35
94 37
96 31
105 34
114 41
135 39
132 38
187 55
187 55
181 54
185 49
177 39
172 42
168 45
166 46
161 43
160 46
153 44
150 48
145 38
141 38
143 33
137 31
130 35
129 34
142 29
142 21
137 24
133 26
132 26
127 27
124 29
121 28
117 30
113 30
123 15
123 15
161 40
165 39
165 39
167 32
148 22
145 20
147 19
157 28
172 30
177 27
175 26
179 22
182 22
184 21
186 19
172 21
165 22
165 22
78 62
58 54
375 333
156 20
154 21
207 12
244 27
285 7
283 6
278 7
276 10
275 9
274 9
