298
91 342
447 354
428 241
381 213
350 157
333 118
267 118
371 95
364 137
407 126
469 138
1 12
4 15
6 14
9 12
10 17
6 20
16 18
10 22
3 26
10 30
11 25
17 27
7 50
7 85
3 68
14 63
59 59
66 82
96 83
88 89
30 68
18 46
35 36
42 42
42 62
51 54
61 44
59 37
55 36
48 32
42 37
71 38
72 54
84 51
91 39
99 44
81 32
81 24
73 25
70 19
61 20
52 25
44 23
33 21
27 25
23 23
25 19
19 14
14 12
31 13
28 10
42 10
44 13
40 17
53 15
53 9
61 9
56 11
67 12
72 12
76 16
79 13
79 16
84 18
89 18
93 17
91 10
87 11
96 10
98 17
100 34
106 32
94 21
104 21
106 16
113 17
114 25
110 23
120 17
120 13
126 24
122 26
135 21
136 27
135 37
131 34
119 42
115 35
122 56
110 54
107 90
123 64
144 51
141 43
150 32
144 26
149 23
155 24
151 17
145 19
147 13
155 18
166 28
165 36
156 52
152 62
161 60
166 52
166 83
180 57
185 40
187 33
182 26
179 23
176 19
184 17
192 20
196 23
188 21
221 61
209 39
199 42
205 38
201 28
205 22
201 18
211 13
207 14
210 25
224 18
218 11
231 16
234 20
239 18
239 14
250 11
247 21
228 31
226 42
231 46
236 42
236 48
258 39
253 40
246 28
258 24
258 16
262 17
282 35
275 26
254 86
291 31
280 14
286 12
290 13
274 10
263 12
201 2
207 3
221 4
225 7
257 11
268 3
276 5
280 5
267 33
292 6
297 10
304 12
311 13
308 8
321 11
319 24
306 26
297 34
327 8
339 8
342 26
336 28
346 27
351 16
355 25
350 30
356 33
364 20
375 16
372 23
366 27
373 29
393 33
395 12
388 15
391 9
400 12
394 22
384 30
385 44
368 60
372 91
400 63
408 70
410 45
428 15
416 13
434 16
431 30
443 27
438 46
443 57
460 41
458 25
453 12
473 13
471 26
479 32
487 21
497 17
505 14
490 51
493 61
467 9
478 5
503 5
260 8
43 130
34 184
67 175
66 101
83 95
112 109
143 95
59 25
47 17
58 9
72 8
72 4
68 2
62 3
78 11
39 8
44 6
50 3
1 8
9 7
11 4
3 2
42 16
100 3
98 6
93 5
84 4
89 3
104 9
98 15
19 2
10 1
37 3
35 8
23 3
28 2
32 2
115 2
117 6
109 10
123 7
128 5
238 2
246 6
247 2
255 4
259 4
426 3
433 2
448 3
437 2
37 31
34 28
32 31
65 19
75 1
43 1
20 7
17 6
23 28
328 28
414 35
484 27
