100
447 381
426 350
343 347
251 350
238 325
220 300
195 317
158 277
99 300
239 263
233 221
293 259
320 163
377 94
370 86
398 92
414 97
434 103
446 108
462 108
482 92
500 119
502 252
462 228
463 268
433 249
384 277
394 244
407 202
437 158
481 145
285 104
280 122
273 110
269 104
239 104
239 117
259 126
218 155
198 141
186 158
74 111
45 203
81 224
95 218
210 215
195 208
156 255
5 230
206 251
314 139
415 116
403 125
52 109
30 99
23 100
14 99
222 103
218 114
227 205
453 91
456 84
481 77
426 124
473 91
456 104
341 123
331 83
334 67
394 127
343 165
353 132
458 206
203 181
70 241
5 128
31 130
72 141
109 107
77 107
171 300
217 233
71 106
149 165
228 290
236 182
174 188
165 158
125 229
154 216
24 195
367 113
407 115
352 123
331 119
335 151
338 143
406 164
230 228
430 149
