125
117 269
41 181
27 123
63 130
184 276
304 150
299 109
271 120
224 94
188 100
163 131
136 103
97 99
6 52
29 84
33 70
78 70
68 55
113 71
119 62
111 47
142 57
49 42
14 15
22 13
26 17
36 19
42 14
52 9
55 2
67 12
71 18
85 14
96 26
109 24
112 16
118 30
125 34
131 37
138 38
170 43
166 38
147 34
153 23
183 26
196 14
200 12
209 9
209 28
198 32
206 45
185 39
189 44
220 50
214 42
221 30
236 10
247 20
257 19
260 29
273 34
271 55
288 36
305 25
287 19
276 25
269 9
279 13
292 9
308 8
314 14
314 10
319 13
321 9
436 58
460 56
498 29
507 19
498 17
493 18
488 21
495 24
484 14
480 12
463 23
455 26
460 18
446 13
445 8
439 13
430 15
422 40
409 32
400 29
402 18
412 14
427 12
418 1
402 2
412 2
403 13
392 14
385 9
383 15
390 22
377 20
370 21
363 23
361 30
356 19
345 17
336 22
331 13
332 9
342 10
348 7
353 7
360 9
367 14
371 12
375 11
374 17
375 14
391 9
501 40
