114
13 296
90 256
70 231
119 226
153 214
134 291
178 261
10 214
38 190
14 188
20 135
47 142
87 121
88 103
584 312
530 261
566 254
454 254
446 296
305 277
284 316
258 244
279 228
308 208
320 197
277 181
284 120
301 115
322 141
341 134
368 128
374 147
371 173
403 167
336 166
406 110
450 139
470 139
436 194
510 165
541 150
528 119
571 165
587 159
595 143
618 150
603 204
501 204
651 174
713 214
713 236
757 158
765 181
722 175
721 155
641 376
593 426
558 471
218 128
260 101
251 95
199 85
158 110
146 117
182 147
169 176
138 135
144 152
120 137
123 105
47 88
30 75
32 113
3 107
10 61
222 155
302 153
531 161
761 231
758 266
97 100
87 96
55 83
35 102
43 128
27 132
747 250
621 184
173 80
194 101
237 92
249 132
278 140
287 144
316 124
346 121
400 118
349 107
517 133
474 222
483 193
557 186
681 215
11 82
39 62
40 49
3 89
67 86
104 78
65 117
74 126
14 95
29 86
42 331
