74
483 240
460 201
462 175
466 96
282 222
126 221
110 193
191 155
197 108
153 134
118 115
56 177
41 71
111 65
117 39
99 38
104 16
114 16
44 13
7 1
32 69
193 38
207 43
224 35
203 22
178 24
165 34
291 68
393 57
378 118
334 126
253 14
233 9
191 5
268 31
322 9
336 8
476 16
462 243
216 61
81 25
12 7
4 7
4 17
21 59
149 42
62 39
76 50
72 61
87 68
21 15
51 4
5 40
7 92
38 125
2 160
53 142
5 189
120 368
276 344
325 323
290 273
292 204
319 65
332 63
346 66
359 54
440 23
448 7
308 26
285 30
182 47
75 25
74 117
