106
540 496
544 461
316 473
291 469
171 498
88 413
49 379
48 320
73 308
122 310
156 343
190 320
183 306
215 371
294 350
328 326
284 320
360 279
367 350
306 282
305 269
275 264
260 252
271 239
259 238
8 273
26 265
45 267
54 260
54 260
93 259
106 265
116 268
116 257
129 250
130 264
129 283
144 275
148 261
161 253
164 265
179 248
187 252
187 261
197 260
201 249
216 251
229 247
229 247
239 247
285 242
295 242
311 243
332 237
358 243
370 240
381 344
399 232
400 224
427 228
436 228
450 221
467 223
475 229
490 224
491 261
450 275
460 307
423 343
442 345
486 366
553 267
571 250
598 244
589 307
509 211
524 224
540 223
541 214
550 224
565 216
573 225
579 209
597 227
609 215
628 214
645 214
661 222
672 203
679 213
605 534
602 359
702 386
733 275
733 275
686 242
686 242
713 239
731 239
697 210
696 202
725 202
735 200
744 212
764 196
761 211
