107
20 382
25 353
116 351
197 357
228 348
430 304
407 292
465 253
467 217
416 213
352 270
240 248
235 201
199 195
99 256
500 184
478 186
480 147
445 121
406 127
301 135
356 81
265 164
151 160
173 108
137 120
87 157
50 191
283 108
249 99
228 105
128 94
82 96
77 76
86 61
104 73
42 76
2 90
10 45
20 40
3 10
32 78
30 90
162 150
200 93
179 93
187 72
195 49
201 40
217 41
65 32
61 32
78 25
93 23
112 25
117 21
122 13
113 12
101 14
101 6
91 12
82 10
69 10
63 8
56 7
50 12
31 3
24 1
203 25
194 25
215 28
244 30
233 34
216 52
294 62
291 52
260 79
256 87
273 88
266 102
293 98
285 100
238 82
331 65
308 58
300 54
347 34
366 67
390 58
388 51
399 26
407 49
430 57
440 45
430 31
431 23
374 67
375 59
386 124
364 138
508 73
465 28
450 25
177 78
287 167
455 26
477 25
