229
97 265
6 182
9 145
4 106
6 96
21 91
60 81
78 68
88 67
101 109
98 125
95 146
43 132
124 102
108 40
89 27
70 9
70 1
50 11
44 8
24 10
10 15
1 2
7 2
18 3
2 15
121 56
136 56
137 63
157 86
148 94
164 96
151 76
152 26
164 17
193 39
198 16
182 106
180 94
179 99
226 70
230 55
217 47
211 55
226 44
226 32
215 12
237 25
253 20
253 70
276 50
264 18
255 2
278 3
277 19
282 17
289 22
287 11
290 14
294 8
284 3
309 17
313 20
319 45
324 68
360 103
284 74
309 135
343 264
150 535
283 482
338 319
546 358
673 465
669 495
761 258
747 180
733 136
595 166
562 153
554 146
370 65
343 66
352 50
352 29
335 24
335 16
321 13
290 3
336 9
363 13
358 22
383 4
395 4
401 9
406 5
414 5
388 54
377 47
402 42
407 42
406 34
416 47
410 58
436 56
436 47
450 45
457 56
475 58
486 60
545 149
514 63
526 54
522 44
507 36
496 31
491 20
498 13
464 10
454 6
448 21
448 12
464 29
465 25
535 9
529 8
523 5
518 9
509 1
529 1
544 9
543 5
579 34
564 55
556 45
580 15
596 9
617 11
619 26
633 25
641 16
629 3
644 7
642 1
652 35
659 24
676 28
672 13
668 3
683 22
690 23
696 19
714 39
700 39
693 41
681 49
688 58
702 84
664 86
652 98
619 60
618 93
582 58
685 12
678 15
684 4
691 5
700 6
707 9
707 19
721 14
719 6
714 10
738 12
733 9
726 19
726 26
725 37
740 35
755 20
762 22
761 16
760 53
757 74
750 78
756 88
729 60
734 59
420 15
51 80
41 83
142 56
232 38
232 31
216 24
190 30
246 4
167 37
187 63
237 19
240 20
314 11
381 10
431 283
496 95
509 96
484 48
468 25
613 3
630 14
554 1
554 12
553 20
543 49
546 56
494 5
490 1
424 4
431 1
592 12
633 77
528 112
615 75
642 299
713 20
741 26
752 52
651 21
648 29
