71
487 378
480 328
507 185
430 218
382 312
354 354
166 359
140 253
28 230
2 268
79 198
138 181
243 267
159 227
344 272
328 228
357 184
391 164
446 135
416 130
394 139
324 143
338 119
267 126
246 147
220 160
194 162
2 102
105 91
103 75
94 60
125 69
183 98
160 107
140 44
146 39
180 41
198 48
218 30
226 41
234 45
257 41
264 37
273 52
277 35
244 93
226 81
262 94
290 99
306 99
301 80
289 74
303 67
299 56
292 42
315 59
338 90
484 84
434 84
410 88
388 82
354 80
356 64
351 22
371 8
306 22
441 57
481 61
311 3
292 7
431 1
