112
449 373
428 338
498 321
98 202
6 65
12 76
16 86
50 85
45 75
56 63
95 87
105 77
133 80
136 57
220 91
242 83
9 23
19 22
22 36
35 32
29 10
39 12
56 24
64 23
73 35
81 32
97 33
110 48
102 45
114 44
149 32
151 24
137 28
132 27
115 26
113 20
100 20
90 17
92 9
74 12
64 7
54 9
103 10
114 11
129 8
145 14
151 10
156 16
161 27
161 36
172 29
186 30
200 34
194 21
187 15
172 14
162 9
166 9
185 6
178 6
191 7
202 14
205 8
214 8
217 15
219 10
226 17
230 12
211 24
210 14
217 35
228 30
234 28
242 29
253 31
251 26
248 22
241 7
231 7
266 18
270 27
278 33
283 30
279 19
271 14
266 9
262 5
275 9
291 8
294 12
306 16
307 35
144 4
151 3
180 13
206 4
217 5
123 3
134 4
129 3
102 3
96 3
56 3
79 4
71 1
83 1
225 5
235 5
285 6
249 10
248 3
233 19
