130
86 475
115 294
63 314
38 308
10 300
24 255
8 256
67 257
68 271
119 257
124 245
144 236
166 245
192 258
192 244
8 217
114 210
222 219
224 213
228 209
231 208
273 190
279 217
272 210
262 218
260 243
246 243
284 258
335 215
354 217
351 205
359 213
362 213
367 207
396 205
421 203
429 213
434 203
390 293
454 220
450 203
604 240
462 192
456 190
466 198
476 197
474 184
528 178
512 201
526 215
549 201
573 195
594 193
613 193
612 180
598 180
575 180
572 171
567 171
656 212
643 205
748 198
679 171
667 169
663 179
651 169
627 170
621 178
641 152
710 156
715 158
726 158
731 158
718 180
713 180
693 181
586 171
683 152
674 156
673 164
693 146
728 147
628 156
606 178
29 244
35 250
55 257
35 228
33 224
42 218
49 220
58 219
62 216
67 215
72 218
89 214
103 208
111 255
120 246
137 237
70 212
241 281
249 286
268 217
295 213
303 214
342 213
205 257
217 249
404 286
473 179
506 195
534 182
538 173
522 182
524 177
554 200
543 206
564 199
569 199
633 157
593 166
662 146
670 141
682 141
692 135
676 139
679 139
688 139
767 196
