144
78 434
31 420
68 383
30 354
133 563
68 565
151 166
108 182
106 203
101 213
90 215
83 211
51 211
127 242
90 271
80 296
210 326
201 278
191 279
181 254
191 234
186 227
188 217
174 203
154 238
242 281
261 287
269 341
314 460
342 398
152 406
168 392
202 248
316 211
298 212
347 201
413 216
407 206
413 166
335 139
323 141
317 148
423 168
421 184
470 198
476 308
473 345
454 393
434 374
490 523
551 429
612 554
645 376
582 367
592 318
529 320
569 218
549 219
532 192
520 166
514 124
470 127
436 127
444 125
551 164
544 161
553 138
536 122
530 123
571 141
600 116
613 118
625 118
606 138
590 139
652 162
648 138
652 130
624 138
616 144
682 147
687 148
685 141
680 125
682 118
672 108
763 418
735 190
718 150
720 143
698 141
694 131
695 113
693 106
685 108
681 102
710 113
728 118
738 147
756 153
752 124
745 118
727 106
759 122
762 113
666 141
227 139
238 140
331 198
475 129
502 127
506 123
547 129
543 136
541 142
615 182
644 157
584 179
650 149
695 127
696 123
712 132
739 139
733 133
741 132
709 107
584 171
593 153
594 145
599 139
565 131
514 181
518 128
542 123
492 198
661 128
645 126
639 148
628 140
729 154
741 114
734 112
757 114
692 102
