80
260 103
254 119
283 100
297 99
308 98
314 108
331 102
336 108
271 172
210 130
200 125
223 155
191 153
153 150
101 132
66 134
75 148
21 172
32 172
51 176
129 162
145 168
188 179
233 184
185 206
203 224
282 247
337 236
104 317
73 306
36 236
75 223
93 226
161 238
349 283
369 309
388 193
418 194
446 293
477 279
487 349
497 371
365 148
370 136
387 136
398 132
373 109
354 107
346 108
340 100
355 100
391 86
400 87
413 76
414 79
427 83
414 106
441 83
457 77
463 75
459 86
452 99
465 105
467 141
495 112
485 103
472 91
485 70
488 73
494 87
508 94
498 77
467 84
510 129
442 103
479 86
488 92
344 81
50 235
452 108
