119
19 235
33 236
47 217
37 200
37 323
6 324
101 210
116 213
79 268
132 244
164 249
182 258
190 223
184 216
171 219
149 193
213 209
185 170
170 143
239 154
245 175
254 179
243 167
279 175
282 185
285 196
277 201
285 210
253 205
240 209
219 236
249 286
152 298
194 300
308 199
310 188
325 206
369 207
384 198
375 190
383 185
372 170
400 171
299 169
298 161
294 162
305 163
316 159
325 160
327 152
333 164
360 163
348 152
356 151
378 169
391 167
387 159
388 152
384 149
407 169
403 165
406 162
420 163
436 160
429 148
434 143
444 135
450 134
447 147
455 149
460 139
474 138
373 148
382 144
389 140
384 130
399 144
403 149
409 149
409 146
419 147
423 128
432 135
487 183
508 180
452 119
447 117
360 155
276 318
508 288
174 200
142 168
367 148
413 124
418 128
466 131
442 156
467 123
471 121
479 121
472 114
490 118
477 118
430 143
425 143
415 142
370 146
443 121
434 116
438 119
456 133
470 132
368 167
369 153
502 125
511 127
506 120
511 115
462 120
