318
35 371
115 408
382 293
328 258
363 231
346 225
538 222
596 235
649 242
241 226
195 220
194 183
149 185
317 159
352 161
357 141
320 135
422 146
82 162
25 166
621 156
688 167
590 126
506 113
673 88
657 91
698 84
742 100
745 123
762 85
450 87
504 90
520 87
487 67
342 109
285 128
279 113
282 98
317 88
354 79
342 74
373 90
412 70
429 71
24 138
3 137
83 138
85 126
7 8
12 10
15 13
19 11
34 7
38 3
44 8
47 3
53 6
47 13
48 8
66 5
68 1
71 12
87 4
93 4
89 10
100 13
94 13
80 15
97 22
8 15
7 29
1 29
7 39
1 36
19 34
23 28
28 26
37 30
33 30
29 40
47 33
46 37
55 53
33 66
26 71
4 67
29 84
70 92
102 89
83 74
95 77
147 99
136 85
116 75
85 62
77 74
77 51
89 52
105 57
184 74
173 71
163 70
134 59
126 49
115 50
107 46
68 28
72 31
77 28
82 27
93 31
99 32
89 27
84 47
151 50
130 51
159 47
170 45
177 47
179 42
190 37
204 43
173 17
177 14
182 23
197 15
194 23
194 14
193 7
201 8
205 15
214 40
235 50
258 55
260 47
236 43
224 23
214 19
227 19
229 16
222 14
244 21
254 15
247 13
261 3
239 7
234 3
214 13
208 2
273 15
276 6
268 3
275 56
286 58
277 73
295 1
303 3
300 1
287 27
292 25
302 28
296 32
298 23
311 25
313 4
325 23
320 37
329 20
317 1
322 1
329 4
339 1
347 1
343 5
346 6
334 4
343 19
342 22
348 21
347 35
360 19
365 24
369 26
352 46
359 48
380 48
380 28
384 31
387 22
390 14
389 6
399 11
403 14
399 20
397 16
397 34
424 36
412 29
430 32
442 29
428 17
410 9
415 12
429 11
433 13
438 7
443 2
446 2
449 4
469 1
465 4
447 8
456 10
461 8
456 5
465 9
476 6
475 2
482 2
487 1
455 15
464 14
485 15
479 8
459 27
473 28
460 35
481 33
492 39
498 40
499 14
489 41
510 1
504 12
489 8
513 46
520 9
461 3
451 10
417 6
530 2
530 12
541 7
538 27
552 18
556 1
566 47
566 34
583 36
596 42
607 32
562 4
567 3
561 8
561 12
553 10
547 2
548 4
542 1
537 1
573 3
578 1
581 3
586 2
593 1
588 12
579 9
594 11
616 9
622 5
643 1
645 12
627 24
645 49
764 37
744 37
766 21
747 23
747 17
752 13
758 6
752 9
749 1
733 2
738 1
730 6
729 2
721 8
718 4
709 4
710 7
715 29
712 38
705 21
697 8
684 10
683 5
675 4
666 21
671 28
660 29
660 21
661 3
656 2
655 19
758 1
639 2
668 2
725 1
671 6
64 4
97 52
79 36
171 24
218 42
418 17
423 13
425 7
