102
308 340
165 293
72 309
185 261
235 330
332 294
227 243
234 212
262 216
289 228
366 258
416 252
501 251
469 200
500 200
407 208
394 189
408 154
374 144
323 172
302 156
265 161
268 137
250 131
240 144
235 161
224 154
209 146
227 137
185 149
177 184
175 208
147 191
126 198
56 205
10 139
105 140
160 152
155 134
142 132
144 172
46 115
62 113
68 105
78 92
92 87
115 86
124 100
151 84
157 91
165 99
182 96
199 108
215 101
225 110
220 122
240 115
228 93
239 84
216 89
205 94
197 91
277 100
199 161
169 155
179 49
204 50
238 47
244 70
263 68
297 50
320 93
318 129
357 127
257 21
245 21
219 26
202 19
212 14
288 44
322 29
346 21
336 9
352 5
355 2
361 23
374 27
388 115
411 111
503 152
486 160
502 110
500 72
509 55
486 41
468 44
463 38
435 36
404 59
410 18
415 10
384 20
