221
216 391
193 563
250 344
425 249
482 335
518 256
584 353
539 397
658 548
662 205
682 169
740 155
757 161
654 167
590 151
588 119
364 227
428 172
322 183
87 223
7 197
35 149
21 159
90 165
63 149
127 173
83 142
92 96
75 101
28 105
44 90
37 69
15 72
26 39
43 45
54 41
60 40
63 72
73 68
6 75
30 37
87 37
100 41
118 32
136 32
152 25
164 22
166 18
179 8
183 28
181 23
187 23
160 20
92 39
56 81
92 72
106 77
115 77
122 76
131 83
135 74
141 64
147 73
156 62
162 69
157 97
180 94
174 88
179 62
186 56
211 130
246 117
383 122
424 113
429 80
408 76
388 84
367 93
342 86
314 69
285 73
194 71
201 67
212 76
228 80
241 86
247 68
225 65
219 68
212 60
194 51
204 53
202 44
191 31
193 22
193 16
198 26
208 39
214 35
217 32
227 31
202 26
198 32
208 45
236 37
256 23
266 31
265 19
277 26
272 31
279 20
287 21
285 28
291 26
243 59
253 63
267 65
273 67
281 64
287 54
279 58
307 60
312 56
310 47
333 54
321 38
307 32
300 31
298 25
311 21
301 16
322 29
327 32
330 23
337 29
340 25
157 13
162 14
182 14
190 9
192 5
195 9
185 11
356 69
357 54
370 44
379 64
404 39
421 59
456 67
466 59
481 71
481 29
464 30
455 31
437 27
418 22
405 24
394 24
374 25
362 29
342 32
346 27
354 29
362 24
366 25
371 19
425 23
310 10
302 7
309 7
312 4
315 4
322 3
331 1
341 2
346 2
349 7
355 1
361 13
365 13
364 7
377 15
374 11
372 5
378 3
382 1
388 3
396 3
381 25
378 27
380 20
416 5
425 1
419 13
412 19
409 16
429 11
430 17
436 7
432 1
447 4
444 1
453 1
447 15
444 17
452 18
460 13
461 7
521 81
500 37
496 33
484 8
474 20
477 24
467 9
492 7
503 5
559 9
555 26
563 48
