159
18 404
144 296
145 222
282 300
310 289
408 228
545 199
518 187
500 182
436 198
615 222
762 255
676 159
641 192
546 167
526 150
522 131
481 137
443 161
427 151
256 225
236 181
220 146
370 159
337 150
332 167
278 149
273 120
310 122
345 113
357 122
373 126
400 114
422 121
440 117
417 97
623 126
644 139
686 133
75 182
134 179
102 133
108 111
82 115
47 134
18 109
9 91
21 81
10 57
10 47
14 55
18 42
6 42
1 53
41 64
27 56
44 44
54 39
50 38
61 41
55 43
71 47
70 57
100 54
99 66
113 61
91 96
64 98
41 91
33 91
131 91
146 104
165 103
166 94
150 73
143 60
150 50
150 42
167 58
162 51
149 65
195 88
202 58
205 70
214 47
222 43
214 94
202 106
272 96
286 88
280 76
286 61
261 50
277 44
299 43
310 47
320 65
318 80
300 99
329 54
313 54
342 44
361 44
366 75
382 78
393 61
409 66
402 84
418 65
424 58
433 81
442 65
448 82
472 70
457 27
454 12
434 18
471 9
500 5
509 9
497 50
530 47
557 39
567 61
536 66
579 67
556 52
610 20
669 44
631 60
609 79
597 91
586 78
533 101
516 88
503 96
495 101
500 116
534 115
572 120
575 140
610 107
630 111
656 94
695 88
713 76
737 79
724 116
720 129
764 122
763 83
752 54
363 476
413 419
450 317
523 239
402 243
317 208
715 36
