145
20 482
106 407
182 408
150 483
154 553
87 491
75 468
288 494
357 474
291 435
241 426
248 395
246 368
270 354
313 347
325 374
371 358
366 339
307 325
240 306
272 291
269 273
308 304
346 293
334 280
599 490
727 209
723 255
703 241
717 185
756 13
725 41
724 54
740 71
755 72
767 113
718 75
215 234
252 207
282 197
265 200
272 191
304 205
304 197
251 226
280 247
297 237
358 275
362 251
388 255
408 251
326 189
410 190
282 185
305 169
311 175
319 171
320 163
334 167
351 157
342 149
360 132
340 141
353 169
363 153
371 138
383 122
399 148
417 138
415 179
419 228
449 115
516 103
483 167
477 184
497 176
519 224
709 8
698 5
690 2
675 8
693 33
698 48
683 83
675 93
714 104
718 146
699 149
636 22
618 20
626 42
629 50
638 73
673 51
629 86
619 78
606 110
603 87
606 77
616 69
608 64
602 30
578 21
589 38
591 49
586 60
577 70
569 79
562 89
546 113
591 201
532 181
517 90
522 85
483 75
489 68
494 61
500 47
515 38
532 39
534 32
556 28
560 33
566 34
554 36
544 52
534 63
543 72
564 68
518 63
506 58
509 55
522 61
510 71
679 78
442 90
450 93
443 102
459 89
465 82
462 74
475 69
470 80
654 224
719 210
