95
258 205
322 176
480 385
546 397
512 127
544 118
642 125
706 140
727 220
123 146
96 132
52 151
54 115
29 82
2 85
18 70
69 75
109 84
106 70
153 67
208 71
242 94
231 70
279 90
13 23
27 13
69 25
93 24
108 29
168 25
125 23
142 13
84 8
190 35
190 20
198 16
207 26
579 41
582 30
604 41
621 37
617 27
639 33
647 30
659 77
507 62
525 79
438 63
408 53
478 10
499 15
474 42
452 35
385 43
400 21
393 21
412 6
290 34
299 21
321 23
251 43
264 32
226 27
216 19
238 32
227 40
218 43
256 13
281 11
236 1
203 5
127 4
12 1
340 7
362 9
429 1
464 3
469 5
475 5
519 17
518 5
439 136
217 226
276 2
294 3
302 5
451 2
418 1
389 7
558 3
591 12
586 9
579 3
582 7
757 415
