131
212 566
279 491
124 358
126 328
150 294
113 280
105 267
124 228
88 194
112 187
120 181
645 242
665 262
688 253
600 241
683 202
702 209
731 199
746 142
713 116
703 98
673 101
661 122
626 120
608 102
591 109
314 275
315 232
291 188
252 170
213 159
174 177
155 196
139 193
101 173
137 167
191 131
156 128
240 128
264 103
335 199
356 161
342 140
344 115
354 109
332 108
403 199
432 225
489 195
468 167
455 144
437 117
384 122
380 149
474 122
504 129
517 131
517 131
531 185
550 133
554 107
517 102
500 75
491 71
469 70
508 79
523 85
543 94
562 89
601 89
616 92
745 103
727 83
764 77
729 62
736 38
445 111
533 61
537 57
552 60
561 67
566 60
575 60
594 75
581 73
584 58
590 50
596 60
606 55
617 42
628 42
641 44
656 44
678 55
695 47
697 40
692 32
679 37
702 37
713 32
714 41
720 38
759 32
718 4
730 2
735 2
740 11
694 10
696 4
668 14
611 7
615 7
620 3
638 7
520 13
524 18
530 18
541 14
461 20
415 22
413 25
395 163
330 28
303 34
355 30
354 22
371 17
365 27
367 27
384 25
388 26
