95
445 195
440 201
435 201
430 197
415 194
410 195
404 199
395 194
387 195
385 192
374 197
370 198
367 201
372 208
383 206
397 205
410 206
415 209
419 205
428 207
446 203
458 207
450 207
469 204
455 198
459 226
355 207
350 203
332 214
334 223
363 233
372 237
493 279
476 295
398 271
388 279
487 296
345 272
326 271
318 260
310 211
300 203
284 199
283 206
271 209
303 244
280 278
259 243
491 318
461 350
408 361
249 216
232 219
229 214
220 226
210 218
174 223
159 228
155 214
150 241
138 234
142 231
112 239
133 254
91 242
81 246
95 256
124 273
121 267
174 232
188 239
206 232
245 241
233 254
226 269
236 272
227 280
177 298
165 308
69 297
74 321
225 220
333 382
291 371
172 353
154 347
45 323
1 297
82 123
115 120
125 124
86 168
65 164
60 171
46 182
