79
3 232
6 217
13 225
31 233
47 240
52 219
66 225
80 233
104 333
93 315
185 322
179 319
204 254
165 250
153 248
165 237
148 235
130 217
126 212
95 221
162 222
170 222
294 337
310 336
304 317
260 249
185 184
171 182
165 188
156 184
156 174
208 184
193 174
187 170
271 210
279 197
270 189
259 190
251 190
230 180
303 184
303 203
286 209
317 206
327 206
337 194
351 182
365 190
394 265
433 248
450 265
463 264
482 280
494 283
422 234
419 197
429 184
431 175
408 174
396 169
454 163
462 174
472 163
488 184
487 170
484 145
502 149
505 180
502 163
92 220
107 264
134 249
470 145
491 140
450 152
413 155
361 196
501 180
499 170
