173
437 471
331 493
300 365
220 432
118 441
89 391
10 439
186 380
132 365
233 327
235 330
205 327
221 317
212 309
175 361
150 403
159 313
107 282
169 281
221 254
233 239
40 283
36 267
7 278
8 245
2 223
14 180
41 172
42 196
35 196
62 196
55 223
81 202
79 194
101 210
116 207
113 199
184 206
201 209
195 188
210 163
223 177
229 169
235 155
2 211
72 205
85 204
163 183
301 84
285 113
287 116
279 124
267 113
306 113
264 163
250 165
242 179
289 172
295 176
295 190
308 199
310 204
309 213
288 225
307 232
368 253
369 264
397 264
390 226
414 220
435 208
320 174
310 172
317 167
292 188
347 177
343 174
327 177
331 168
345 163
348 165
353 163
363 159
354 158
361 148
374 157
387 165
393 167
392 160
388 182
380 179
374 177
364 173
396 185
394 187
414 183
430 185
440 191
425 169
410 147
401 152
413 145
443 158
428 149
467 301
480 267
491 209
474 207
544 241
631 246
647 260
667 260
582 179
506 130
497 133
491 135
489 134
494 139
483 146
474 144
461 140
452 137
511 150
505 139
511 134
515 136
520 133
530 133
527 137
527 144
520 144
525 148
524 147
521 160
536 151
536 163
548 146
540 133
544 133
550 135
552 134
554 136
557 135
559 136
562 131
566 135
576 140
572 152
595 181
607 174
607 169
612 163
616 147
619 147
620 171
630 152
653 155
657 167
662 154
682 159
692 148
690 179
684 180
681 184
676 187
682 188
689 198
701 191
708 201
720 187
727 187
366 347
180 284
