287
733 477
741 371
693 368
677 282
675 199
620 190
581 217
597 281
506 255
448 270
356 317
364 248
321 231
252 235
587 158
587 128
600 98
565 88
611 44
566 51
558 31
563 18
599 7
609 9
726 21
748 30
689 12
523 156
499 196
482 173
447 167
441 147
468 122
476 82
486 72
499 68
540 69
505 36
487 25
514 14
496 6
530 18
537 3
467 54
445 55
423 82
430 108
415 116
365 114
366 103
391 90
421 52
428 37
429 23
435 6
410 28
402 21
391 13
390 21
378 24
367 21
365 14
372 7
341 32
367 34
375 46
392 41
360 53
347 57
322 51
327 44
326 25
331 16
288 16
289 46
289 66
268 57
264 44
264 32
269 11
251 4
231 20
258 68
272 88
277 82
330 77
334 87
283 119
310 151
270 147
183 94
162 90
135 89
169 122
184 142
157 139
190 203
169 186
146 243
89 239
137 180
104 148
136 136
47 152
55 199
7 171
10 132
25 87
48 89
83 89
99 82
78 71
86 63
59 58
2 71
9 62
73 38
65 31
80 21
107 62
91 54
130 22
139 8
137 36
124 50
138 56
139 69
163 72
188 7
217 19
195 33
219 33
648 6
722 137
495 228
380 153
356 169
362 81
61 136
78 121
4 47
130 75
119 68
159 32
172 8
394 53
218 57
448 29
466 32
461 11
487 6
667 3
683 2
724 13
500 24
523 9
528 6
507 6
525 29
488 16
568 4
443 2
437 2
471 6
424 7
426 13
425 18
444 32
444 43
463 25
363 4
384 37
335 37
329 4
162 56
147 53
153 47
161 49
176 44
186 41
198 52
186 79
156 79
260 8
221 3
116 28
27 71
27 63
52 50
98 52
80 48
186 29
230 2
238 2
632 7
618 1
592 4
574 5
537 15
92 124
15 46
55 74
38 73
114 37
125 44
144 62
14 73
4 94
57 50
72 66
109 40
104 35
145 21
142 30
178 9
188 19
198 22
208 8
180 22
174 22
233 65
230 44
230 37
239 57
250 40
247 50
273 34
259 21
255 18
207 41
191 47
184 47
204 51
297 26
299 16
310 15
304 40
310 26
301 55
309 52
279 58
337 59
327 66
350 75
310 94
295 89
307 113
317 114
98 75
336 227
18 56
199 77
263 38
244 27
217 8
237 10
259 176
239 247
588 14
589 27
587 46
587 67
521 46
451 2
445 9
452 10
441 23
398 31
404 38
425 34
357 31
369 69
406 72
336 12
344 15
351 6
220 90
216 73
248 86
230 145
198 64
157 42
117 135
211 38
295 1
317 18
324 34
