151
45 271
59 224
133 356
290 372
326 258
361 254
403 198
464 248
410 110
399 89
439 85
443 58
469 35
467 26
422 3
410 1
401 8
394 1
401 34
372 26
375 10
357 11
357 24
338 24
337 9
274 1
239 6
244 13
258 34
273 72
276 94
282 123
348 76
370 66
335 57
204 69
222 81
238 65
235 35
182 11
193 40
208 50
208 95
214 114
160 29
135 7
141 4
126 1
117 1
122 11
103 7
94 6
80 6
74 12
80 16
81 44
28 9
3 9
61 78
119 96
90 116
422 370
453 353
492 102
485 59
503 47
495 3
480 127
218 30
169 14
161 2
194 7
197 14
227 3
136 81
152 89
163 82
174 90
188 71
143 46
149 47
142 24
49 26
10 16
44 18
10 10
17 6
33 6
28 1
21 1
7 3
49 5
64 11
65 28
38 84
46 71
54 52
63 45
85 26
6 25
11 29
16 85
107 263
162 256
193 265
98 71
108 77
102 21
183 30
205 21
179 38
220 10
224 19
245 23
218 1
266 13
256 2
251 46
227 29
306 34
284 13
319 1
314 14
297 14
287 28
273 39
382 66
411 27
397 19
431 5
454 15
469 6
448 10
474 77
426 61
289 77
391 182
449 175
330 118
342 143
126 134
175 140
210 302
27 199
45 161
300 89
37 115
56 126
114 72
101 131
78 74
