82
43 260
339 60
338 79
361 95
397 108
385 162
331 160
325 203
414 160
458 109
449 78
470 46
497 64
478 86
501 150
491 189
458 233
420 66
420 29
300 85
293 39
310 42
323 23
328 45
337 29
345 49
307 25
388 40
370 29
363 29
356 17
374 5
406 14
349 5
334 1
329 5
314 8
299 3
289 5
279 5
256 5
232 30
222 30
233 51
252 76
266 83
235 93
212 110
171 136
166 101
190 64
201 51
202 19
195 11
175 5
165 6
155 12
167 36
173 60
134 94
124 37
110 43
99 33
88 23
102 12
77 105
85 97
80 167
5 96
22 101
56 86
64 66
87 2
23 174
192 136
177 95
151 54
120 17
110 7
126 11
132 36
77 16
