266
3 81
31 71
65 239
109 254
294 418
346 401
402 424
415 480
520 567
78 67
98 76
102 85
108 79
137 64
150 79
175 79
227 87
255 94
266 125
255 136
266 204
220 208
292 155
311 152
319 218
327 234
397 214
427 230
437 160
413 161
420 124
407 126
375 112
295 91
264 50
303 43
324 48
348 51
342 79
319 81
313 90
332 97
369 86
404 88
420 74
432 68
431 59
530 188
569 188
613 127
598 127
546 121
526 127
513 97
505 76
486 73
472 72
536 67
553 74
594 67
609 73
613 59
607 41
636 64
635 82
647 42
374 42
294 16
292 6
291 1
296 3
326 3
339 6
353 9
343 22
342 28
353 24
319 17
326 22
281 15
271 18
276 16
297 25
308 26
348 35
364 41
387 39
375 23
378 11
401 10
407 11
403 16
404 19
407 21
403 29
420 34
421 29
422 22
414 20
425 9
429 5
435 9
433 12
427 15
440 18
439 22
441 15
447 25
483 29
471 25
460 28
458 21
466 19
446 5
449 13
455 8
453 2
472 12
468 11
483 20
478 18
479 13
490 14
493 46
489 56
639 30
641 26
632 28
628 29
627 37
615 35
610 30
613 27
619 26
619 21
639 5
640 2
637 2
643 3
641 15
627 11
633 14
634 8
634 2
627 1
625 6
624 4
623 9
620 11
621 8
621 6
622 1
616 1
613 4
612 1
618 6
613 11
609 11
612 19
603 29
585 39
574 41
590 28
592 26
596 19
603 18
601 12
603 10
608 7
610 5
609 4
606 2
605 5
603 1
602 4
601 7
599 9
594 12
592 9
599 2
594 1
590 1
589 2
585 7
584 11
583 21
574 18
574 13
573 11
579 8
582 7
584 5
578 1
575 1
571 5
569 1
566 1
563 1
566 11
563 5
566 4
562 13
560 6
556 8
557 15
531 40
524 32
499 29
500 49
489 8
497 5
497 12
501 16
509 12
504 22
510 20
521 22
517 16
529 24
542 31
545 24
539 16
531 15
552 2
547 4
545 1
543 4
555 4
540 2
537 3
529 8
534 3
519 4
516 2
511 4
508 5
466 5
461 6
447 18
407 29
501 11
549 4
529 2
650 27
655 27
652 26
653 34
656 22
656 15
657 6
653 3
659 3
658 1
649 7
649 15
615 6
630 12
488 1
481 1
432 42
442 10
622 15
647 5
645 14
643 12
630 6
