73
57 344
25 270
11 254
107 262
138 275
507 227
487 219
500 247
465 332
457 256
429 221
393 226
359 252
373 278
398 291
409 203
366 192
299 235
294 221
276 247
305 259
228 238
195 252
200 284
181 225
158 197
18 114
50 111
65 109
56 113
94 120
109 123
117 137
95 143
85 149
82 162
63 158
56 151
126 169
150 161
136 140
181 151
209 177
255 143
243 126
256 124
277 136
285 137
252 187
287 184
284 202
343 152
348 134
349 119
352 113
332 111
323 115
357 147
362 159
398 174
384 136
380 123
397 128
421 168
419 151
431 178
427 190
439 128
432 132
475 143
496 132
490 100
499 97
