186
485 331
428 308
337 314
486 152
489 138
504 32
490 28
487 19
496 10
455 43
490 46
500 62
481 71
463 77
430 69
437 59
434 33
441 21
384 21
385 62
386 88
357 76
353 59
353 43
358 14
335 5
308 27
345 91
363 117
370 109
440 103
446 116
377 158
414 201
361 196
244 125
216 120
180 119
225 163
246 190
210 186
254 271
225 248
195 324
119 319
182 240
138 198
181 182
62 203
74 266
9 229
14 176
34 116
64 119
111 119
132 110
104 95
114 84
79 78
3 95
12 82
98 50
87 41
106 28
143 82
121 72
174 29
186 11
182 48
165 67
185 74
186 92
218 96
250 10
289 26
261 44
293 44
507 205
475 225
483 108
82 182
104 162
6 63
174 100
159 91
212 43
229 11
291 77
484 5
446 49
438 5
216 75
196 70
204 63
215 66
234 59
248 55
264 69
248 106
208 106
346 10
294 4
155 37
36 94
36 84
69 67
131 70
107 64
248 39
307 3
318 3
123 165
20 62
73 99
50 97
152 49
167 59
193 83
19 97
5 125
76 67
96 89
146 53
138 47
193 28
190 40
237 12
251 26
264 30
278 10
240 29
233 29
310 86
307 59
307 49
319 76
333 53
330 67
364 45
346 28
340 24
276 55
255 62
246 62
272 68
396 35
399 21
414 21
406 53
414 35
401 73
412 70
372 77
449 79
437 89
467 100
414 126
394 119
409 151
423 152
130 100
449 303
25 74
265 103
350 51
325 37
290 11
316 14
345 235
319 329
477 42
492 92
448 17
458 20
468 8
294 120
288 97
331 115
306 194
264 85
209 57
157 181
282 51
394 1
423 24
432 45
