172
552 225
561 238
563 206
617 228
604 232
627 249
635 218
681 264
753 237
664 105
679 121
673 115
685 106
687 99
696 103
603 211
620 170
657 165
663 158
697 153
708 151
720 162
741 147
727 130
697 116
705 110
707 102
725 101
723 96
738 125
740 101
748 99
743 90
752 88
706 85
676 97
685 95
658 98
650 102
646 97
457 128
449 133
446 129
466 127
408 171
423 173
416 158
421 151
436 158
441 144
393 155
386 179
402 175
203 248
208 233
187 235
195 228
169 207
174 202
150 222
143 201
151 193
161 179
176 176
185 185
195 198
203 179
214 188
217 174
232 187
224 208
240 207
259 208
283 196
270 184
262 180
251 174
263 171
273 171
283 169
298 207
312 211
324 200
344 206
341 218
363 214
353 178
343 188
361 174
371 158
383 161
381 172
307 176
314 177
298 146
291 160
278 146
281 141
263 138
283 162
274 163
254 144
241 138
242 156
239 159
216 169
203 161
205 150
220 144
230 146
214 141
192 151
192 142
185 147
186 158
167 154
167 145
156 154
152 155
142 159
140 168
128 192
149 144
377 145
361 142
359 149
16 289
54 278
13 251
11 231
122 202
111 204
299 288
359 297
100 162
91 166
96 157
103 149
39 163
90 150
107 145
120 158
128 155
85 160
82 148
74 505
27 471
61 393
4 365
152 406
227 402
218 559
337 452
660 495
730 314
757 341
733 105
671 107
678 110
721 89
747 94
553 195
645 134
688 161
723 149
707 136
664 112
691 114
687 109
707 105
720 105
742 121
