273
248 410
297 307
350 291
417 379
464 431
553 315
507 254
485 223
528 188
551 170
604 162
652 196
744 378
132 343
46 403
57 234
23 236
92 162
57 165
7 113
23 76
194 91
214 80
228 96
242 88
289 111
299 129
319 113
430 110
416 95
427 91
451 103
456 88
472 84
463 79
478 99
507 91
606 96
661 71
665 105
689 115
720 105
731 123
746 167
764 159
40 52
21 52
80 59
104 55
125 44
107 19
89 19
92 6
149 29
146 48
147 36
172 36
182 28
211 44
194 49
214 35
248 49
274 52
285 31
267 23
269 11
314 7
310 22
323 24
329 41
324 69
301 40
302 63
342 28
337 19
335 5
375 33
384 49
379 8
397 27
404 22
403 4
424 15
410 49
407 61
418 71
434 57
439 44
457 20
444 16
448 4
466 22
497 15
470 44
519 63
534 63
403 72
559 85
557 69
577 84
577 76
576 51
558 49
540 43
527 13
509 8
508 28
595 19
599 24
604 11
623 11
638 19
636 4
677 25
654 23
648 45
632 37
610 59
590 76
676 60
676 41
663 41
716 40
740 29
708 22
700 19
717 15
723 23
736 8
738 19
753 48
723 64
68 30
143 61
133 68
255 10
286 23
281 19
341 231
359 142
344 14
298 95
412 17
537 25
532 27
541 20
549 32
526 47
510 18
580 36
570 32
599 32
570 28
631 26
628 15
525 6
554 19
697 32
747 22
731 18
721 16
660 11
765 57
491 20
732 40
747 38
709 8
50 16
62 27
69 16
57 2
64 1
24 1
12 27
26 13
14 10
4 86
58 86
157 84
152 74
137 142
161 139
159 170
233 186
65 207
111 13
114 8
128 3
134 14
137 11
106 10
91 27
163 6
168 23
208 25
207 35
213 16
219 23
230 31
233 33
245 25
260 31
228 11
248 11
229 2
220 7
246 1
197 16
201 17
190 9
187 44
278 36
271 38
295 13
295 4
276 12
316 1
363 3
368 21
345 38
314 34
325 31
395 15
344 56
390 125
607 205
596 64
632 64
617 68
681 80
694 60
702 219
697 43
644 38
617 20
574 9
578 20
585 5
591 12
544 4
548 23
487 7
494 3
427 3
384 21
688 18
686 12
678 16
759 31
740 123
759 98
745 2
763 1
717 7
685 5
651 2
764 22
753 15
482 40
493 33
478 20
494 48
563 128
614 84
605 70
490 121
517 132
325 467
764 238
240 229
300 224
91 88
528 96
