87
36 210
4 151
4 105
58 108
61 90
81 101
110 104
120 101
143 91
163 81
164 96
176 88
181 88
228 92
239 105
208 192
191 221
152 220
109 223
222 165
238 146
266 146
299 223
276 252
256 227
354 198
142 285
197 356
420 205
441 187
402 147
392 82
451 49
460 40
435 42
460 76
453 69
422 100
410 131
449 93
484 67
511 83
563 86
540 129
515 207
536 198
544 297
586 115
622 108
620 63
652 52
666 100
675 82
674 153
614 209
555 350
613 453
610 517
552 539
701 359
759 379
715 208
755 275
728 75
717 54
686 46
673 40
672 28
696 11
741 11
751 31
763 46
720 39
735 50
705 46
733 37
443 19
436 26
427 20
488 15
500 13
506 13
518 23
527 14
539 22
6 297
469 19
