80
225 548
10 232
110 236
110 259
167 156
159 209
175 214
364 270
460 262
505 268
531 305
578 334
521 251
507 241
492 218
484 206
468 231
347 209
362 226
392 225
405 182
422 202
430 201
454 207
550 211
544 201
528 177
525 151
509 154
411 113
445 156
441 155
437 158
406 154
396 158
386 134
380 119
362 128
353 142
375 149
361 157
335 152
208 194
186 115
199 111
209 123
217 111
225 106
253 115
265 131
261 136
286 139
570 174
567 156
600 175
612 171
599 236
633 229
651 231
690 229
706 266
730 229
729 220
720 194
658 144
663 156
690 147
704 166
666 185
651 178
641 176
760 179
764 206
83 106
110 105
120 106
291 86
287 74
353 104
432 96
