86
161 27
176 24
200 16
222 5
240 37
252 50
290 41
193 41
295 13
300 10
317 7
326 9
353 9
356 2
368 4
366 27
356 19
311 17
275 69
276 62
230 91
220 106
202 120
180 124
235 116
271 100
295 107
310 97
337 89
363 102
373 104
337 106
422 106
428 167
426 142
396 140
461 120
365 166
385 195
412 213
308 222
193 194
159 65
136 80
51 132
30 138
105 129
90 192
22 238
136 265
160 290
203 293
291 246
390 261
461 392
523 230
473 124
478 113
498 82
556 65
533 98
526 147
513 154
536 160
563 113
323 346
147 376
111 420
44 326
73 480
172 517
221 454
570 93
656 47
669 49
716 79
728 77
746 119
689 170
650 119
641 100
607 144
594 150
185 24
198 36
182 44
