90
213 224
451 419
449 363
561 315
752 397
597 241
547 243
419 177
464 143
483 116
541 112
578 114
653 127
674 102
729 65
707 12
663 53
723 28
630 66
571 73
528 83
438 83
403 125
361 123
304 136
196 189
192 172
187 135
195 155
194 124
191 97
170 102
185 84
236 75
317 84
353 93
333 80
378 90
302 71
445 70
470 60
497 50
514 54
477 37
476 18
488 16
515 12
446 40
435 41
423 52
394 53
404 40
365 32
334 34
314 58
301 40
314 24
343 22
59 53
50 47
100 51
124 59
136 63
146 63
161 55
201 53
255 62
238 65
412 112
86 28
99 24
130 31
150 27
175 15
159 20
187 16
204 29
222 16
233 18
239 12
282 40
298 8
311 6
24 312
112 12
111 3
149 15
127 20
22 43
762 235
