281
20 555
119 394
16 360
39 344
152 296
141 260
163 257
226 264
282 219
262 164
292 133
381 135
365 96
387 90
400 87
428 88
439 96
459 93
473 90
469 87
483 113
520 162
523 110
539 110
533 102
502 105
500 91
512 90
525 94
530 96
569 119
566 112
580 90
593 107
585 116
593 115
620 153
636 131
652 144
655 113
648 98
632 98
616 98
602 95
627 83
637 87
663 90
670 105
672 119
690 126
690 119
699 119
726 130
728 140
717 151
703 100
717 101
725 93
735 110
685 96
148 125
123 118
4 72
16 65
47 64
56 61
67 71
94 61
115 56
156 65
165 65
170 63
176 63
89 23
98 28
186 33
188 36
14 26
12 21
46 19
397 63
402 56
431 62
428 82
444 77
442 58
432 53
412 33
435 27
463 34
476 32
486 34
485 22
475 22
505 44
502 50
508 54
496 61
494 66
470 63
461 68
455 64
459 75
521 67
527 55
540 50
549 41
537 29
560 58
568 56
573 50
565 38
573 35
576 58
430 17
433 13
441 14
443 11
448 11
418 10
426 7
429 7
432 9
440 6
449 5
457 6
447 8
619 54
618 49
606 39
606 35
585 32
578 43
577 38
583 31
591 56
619 32
634 40
636 36
640 35
643 36
642 58
641 68
641 71
644 75
655 67
628 68
626 62
660 59
665 56
651 61
675 59
671 44
673 40
675 39
686 44
681 64
701 62
707 60
715 61
712 57
713 54
667 79
673 79
740 80
754 90
756 99
750 106
757 109
759 85
759 78
747 75
749 71
759 68
756 59
751 55
739 57
736 65
732 44
740 29
719 33
730 27
736 24
751 27
752 33
754 37
747 34
743 22
730 17
728 11
743 17
739 21
751 22
756 16
760 19
763 21
761 32
761 40
752 12
746 11
762 12
733 11
750 132
756 121
140 13
87 10
231 9
152 16
195 20
244 20
222 36
237 32
262 21
257 5
283 18
290 18
270 9
304 16
309 23
314 15
526 21
530 18
525 10
510 11
419 2
408 2
427 1
444 4
452 3
456 4
462 5
459 2
463 1
471 8
478 7
479 1
475 1
481 2
485 5
489 4
488 9
496 6
493 2
494 6
501 5
499 2
505 2
505 11
511 5
513 2
508 1
518 4
527 7
533 2
537 11
539 1
727 7
723 2
719 2
712 1
731 2
738 8
741 8
741 2
747 4
754 6
759 5
765 6
174 16
169 19
280 15
249 8
270 4
217 19
514 7
496 27
436 4
435 10
397 4
424 2
446 401
