92
14 383
46 380
63 305
35 291
8 272
5 295
7 226
41 179
127 163
116 200
145 197
170 210
179 175
186 154
233 138
238 177
224 245
209 240
194 297
151 287
108 246
97 227
163 379
211 380
448 345
455 307
380 338
319 270
353 247
298 269
263 260
263 222
287 204
301 190
332 177
324 158
272 164
269 146
292 142
307 133
322 130
321 148
333 143
360 166
385 167
355 129
368 126
352 102
391 137
415 119
414 164
382 221
497 273
500 232
508 213
493 179
508 160
500 134
448 137
451 118
436 122
448 104
469 110
469 83
433 76
445 56
440 50
393 82
378 76
406 62
371 58
355 54
321 60
236 63
247 65
231 52
221 30
257 57
279 69
283 58
292 55
299 68
312 58
316 50
322 52
346 54
269 101
153 64
162 63
497 82
504 73
485 58
