77
2 133
33 133
50 122
71 134
118 161
271 178
394 259
424 238
357 233
289 272
319 170
448 157
502 137
501 107
439 128
441 64
429 15
367 12
348 12
324 21
330 39
304 26
289 29
281 12
272 11
251 15
217 20
188 30
226 49
274 36
310 39
345 68
391 55
399 103
340 137
355 95
313 86
265 82
247 97
259 116
293 127
226 112
203 61
142 70
113 86
104 53
91 80
85 53
50 64
12 21
409 14
416 7
385 4
121 114
185 54
221 51
244 58
218 91
380 112
381 43
371 32
374 8
417 44
158 90
166 74
446 40
408 104
342 102
344 121
295 72
295 45
370 46
304 224
161 157
302 45
168 145
340 49
