128
14 339
72 362
123 364
145 382
51 122
62 126
83 125
45 140
30 153
39 167
55 193
16 213
18 249
21 289
44 292
88 257
81 283
110 241
146 314
114 367
197 331
201 308
179 273
171 256
158 227
101 143
121 140
133 126
154 108
150 129
183 123
198 170
176 172
190 195
200 215
199 202
205 251
211 273
241 272
254 284
250 310
245 358
280 359
236 109
215 122
231 131
249 137
261 153
244 195
261 203
268 246
289 224
360 377
392 368
400 304
383 285
403 257
356 220
362 207
421 198
316 189
305 180
344 173
358 162
411 160
422 115
416 117
434 104
389 133
372 115
348 112
330 141
319 129
312 132
304 102
201 42
213 32
184 65
220 41
239 36
261 29
288 20
339 2
295 25
284 42
265 36
244 44
275 61
286 66
318 93
336 75
336 59
352 55
374 58
373 67
391 69
424 97
435 81
424 54
411 52
402 8
405 5
423 4
422 16
442 8
454 34
461 28
475 26
487 30
481 47
472 59
445 51
475 137
489 133
468 189
451 197
487 189
457 244
511 188
507 17
500 30
507 40
510 247
488 270
473 278
459 332
457 318
452 362
