156
355 313
641 555
595 516
765 471
605 336
744 300
744 271
703 252
713 147
644 134
633 153
590 151
546 163
577 200
564 225
486 205
430 247
395 218
454 181
494 161
489 149
450 134
425 153
11 155
17 142
13 115
19 105
63 111
76 114
94 115
64 147
47 182
93 171
81 158
116 163
127 145
124 136
156 130
167 142
208 139
220 135
234 131
230 107
204 113
204 97
169 89
139 92
130 96
127 89
111 97
92 100
84 98
81 104
230 81
246 80
240 76
205 77
268 97
266 72
274 74
290 75
295 74
291 83
282 75
327 70
321 80
341 78
370 76
375 110
378 120
371 134
389 119
420 111
428 115
443 76
418 72
412 75
398 74
393 80
382 72
382 62
388 57
393 62
400 60
413 56
415 54
411 49
420 56
433 56
443 49
447 59
452 54
455 52
461 50
472 47
469 70
406 67
510 87
523 88
493 51
490 51
497 56
500 54
504 53
511 51
518 55
523 45
526 47
539 48
561 47
567 48
571 80
558 90
587 107
598 90
601 71
583 44
579 55
589 41
568 39
592 30
598 30
601 37
606 37
606 31
612 36
615 32
619 35
627 30
632 35
637 33
640 35
637 37
646 34
650 35
673 89
680 73
674 29
681 32
736 99
754 74
737 29
725 31
737 22
108 97
29 118
318 69
656 68
663 65
641 58
758 24
756 15
721 28
727 75
374 54
78 94
