95
138 277
178 257
249 291
281 279
8 95
23 93
30 79
40 75
52 91
76 75
127 151
31 139
162 121
194 105
212 100
199 149
63 76
57 63
65 58
85 54
96 61
97 91
105 80
109 59
102 45
117 54
121 47
137 46
145 56
148 42
147 79
168 48
160 53
156 37
164 33
177 41
194 38
208 36
212 45
226 36
235 29
186 79
336 267
276 187
337 192
417 218
311 113
376 117
428 125
419 105
453 69
476 75
501 96
248 33
261 37
271 37
278 34
291 30
268 59
307 76
307 60
328 81
344 93
309 36
321 30
339 25
340 38
346 35
350 28
354 24
372 29
389 35
389 22
406 16
394 11
418 51
423 16
431 16
415 17
445 10
432 7
440 3
467 47
479 16
496 16
452 12
456 5
475 8
477 3
485 6
491 8
505 1
507 7
469 8
463 9
