240
490 310
467 282
505 267
451 270
438 244
443 243
417 249
410 251
410 266
419 262
436 271
438 268
436 276
439 275
429 277
433 275
425 296
421 308
406 313
406 301
434 341
389 321
288 329
316 328
291 298
304 299
318 293
339 303
345 285
334 287
329 288
328 280
311 293
383 282
397 275
383 265
390 259
306 277
300 290
296 277
291 276
279 281
287 269
272 285
263 299
261 278
268 279
265 264
269 261
279 260
299 258
302 257
314 259
318 256
337 255
343 254
327 255
356 250
361 251
391 248
398 241
401 241
351 243
336 246
339 247
331 247
326 247
343 246
346 246
241 375
218 372
236 323
212 333
224 318
243 321
249 300
252 298
253 291
247 287
239 283
238 291
236 299
215 312
249 266
255 261
259 263
256 268
247 266
240 267
239 268
238 268
237 267
235 268
232 270
219 265
223 269
214 278
207 271
195 267
194 265
201 271
203 269
193 274
186 275
180 275
176 274
177 278
163 277
166 275
167 278
169 281
156 278
155 279
150 272
152 268
146 268
142 277
138 275
136 280
129 279
131 288
156 289
155 283
162 287
173 285
160 295
183 295
200 297
212 292
223 288
194 311
192 314
180 309
184 307
168 315
167 308
153 304
148 297
134 296
125 289
121 282
122 293
132 320
126 309
121 331
151 364
81 371
120 374
117 355
170 372
185 375
91 333
97 307
99 292
104 285
109 293
113 291
117 284
110 278
49 370
63 368
65 344
42 348
46 332
57 329
77 322
74 312
81 306
70 312
66 315
55 316
40 319
34 316
46 312
59 308
31 309
22 306
22 302
45 304
56 302
94 284
101 283
104 280
96 278
90 280
88 283
76 279
81 276
79 276
73 278
64 279
68 276
65 277
61 279
60 276
57 274
52 276
58 279
47 276
115 287
131 284
151 286
20 291
21 284
14 284
15 280
19 281
16 277
22 277
27 282
27 279
26 277
29 278
30 279
30 281
44 275
47 280
50 275
49 278
34 279
32 278
31 275
38 276
37 278
42 280
42 277
36 281
40 279
39 280
42 277
64 275
56 279
58 278
49 281
118 320
113 316
394 248
54 278
94 276
54 281
