148
315 360
362 297
202 202
375 280
401 302
479 309
509 252
331 259
387 235
286 189
302 183
317 186
318 157
214 169
98 154
117 148
101 117
87 112
93 105
65 98
54 96
11 105
11 89
10 74
42 78
49 76
53 84
67 79
73 69
33 62
6 61
30 42
40 39
51 40
44 61
59 53
101 79
126 97
107 93
160 112
201 112
108 61
119 62
133 72
116 46
78 41
71 33
61 36
144 61
135 56
131 49
50 30
4 75
59 30
124 42
134 43
141 46
146 52
158 58
159 86
175 86
170 55
165 44
170 38
140 5
181 10
184 18
194 12
206 7
210 17
222 25
230 37
229 6
240 5
214 57
196 48
184 56
175 56
178 50
201 61
200 52
204 56
204 49
210 51
212 66
210 93
243 98
225 71
222 59
230 59
246 57
218 68
258 110
252 90
259 71
267 75
280 76
277 51
251 14
257 13
287 25
297 40
295 50
295 57
282 101
303 141
329 137
353 152
336 124
318 111
307 101
306 79
302 77
308 64
304 53
314 46
312 56
320 42
327 44
330 54
342 57
358 51
365 43
391 44
410 47
407 61
394 82
406 89
418 82
382 113
378 125
374 136
426 122
438 122
447 129
453 136
476 142
485 167
491 144
457 101
464 95
449 97
323 76
331 109
344 119
326 99
510 173
497 93
