84
524 318
453 196
326 159
328 129
256 383
171 404
33 280
224 227
194 146
111 163
4 48
57 2
45 7
106 9
118 12
306 53
252 77
194 25
175 65
167 84
713 167
733 124
702 81
725 39
647 22
620 23
619 46
642 76
560 130
505 33
234 17
231 70
586 62
621 110
12 36
58 55
55 117
27 129
51 95
39 70
17 90
8 91
78 79
64 331
92 124
31 38
45 35
67 13
9 7
28 2
84 27
91 16
92 8
131 21
129 2
141 1
255 59
272 14
248 10
284 9
217 25
225 20
329 110
392 173
351 156
192 130
193 241
149 252
198 185
385 9
428 17
457 24
472 75
530 48
543 39
510 14
519 16
535 11
560 15
667 46
711 104
669 96
741 36
553 26
