123
503 300
498 268
495 255
501 254
492 252
486 261
473 260
478 279
493 295
495 305
469 301
468 281
434 259
415 256
420 284
413 287
428 299
434 307
441 303
446 302
456 336
477 332
479 342
449 343
469 344
462 355
427 364
414 369
433 379
444 383
388 275
400 274
371 264
361 268
362 278
359 290
370 299
376 289
380 288
376 304
405 293
396 289
406 281
378 350
354 334
340 314
349 318
330 298
339 296
374 360
387 371
351 373
301 320
287 312
306 304
318 318
312 273
299 270
293 274
276 275
277 265
286 267
268 298
264 322
269 324
267 367
168 316
178 307
172 300
175 270
185 270
187 272
193 264
198 274
107 250
94 254
99 259
94 262
96 265
83 263
82 258
66 256
59 259
145 263
143 270
149 267
161 263
167 266
168 263
175 263
179 262
183 257
183 262
140 263
138 263
129 267
131 261
116 263
108 255
112 255
115 252
114 249
102 248
116 257
138 252
140 261
173 243
174 251
171 244
123 310
125 323
90 332
84 332
57 358
41 355
15 325
10 313
29 368
2 297
56 269
1 283
166 278
274 269
