117
395 302
225 228
157 228
123 176
37 211
5 203
2 230
5 511
581 265
656 245
488 142
465 151
393 103
326 107
228 102
167 96
140 102
91 112
117 97
73 110
44 127
31 126
23 120
49 105
523 83
508 58
494 60
454 71
402 73
398 65
400 56
419 52
431 56
444 53
556 50
573 51
605 80
627 88
700 92
708 66
604 40
616 46
588 30
597 37
605 31
649 39
666 34
421 41
449 46
458 46
466 38
471 41
466 25
477 44
487 44
510 42
548 32
532 20
544 22
551 23
559 25
563 24
576 41
584 18
549 11
563 8
578 9
570 29
696 13
709 17
734 16
737 15
256 73
247 75
234 55
242 51
301 83
282 80
277 80
348 63
356 57
250 41
256 37
260 37
258 43
275 33
280 39
284 36
289 35
175 86
178 81
192 88
198 89
202 85
108 80
86 62
758 71
709 4
705 3
673 17
670 13
655 22
648 19
635 15
660 9
606 7
26 98
1 110
764 12
679 7
725 6
732 6
707 6
633 10
600 2
622 2
689 2
