78
18 283
62 200
39 176
96 261
7 81
5 60
43 108
33 51
4 16
74 64
126 41
147 62
190 42
178 43
264 69
294 45
325 48
343 34
362 54
340 110
415 188
409 217
435 117
392 77
398 41
379 31
369 24
433 22
457 32
473 35
504 50
543 56
546 81
577 63
531 106
496 123
623 150
615 193
625 112
649 101
643 81
657 47
677 45
692 94
738 77
736 142
764 332
766 275
606 50
603 37
630 25
611 19
579 29
552 32
532 33
730 35
711 25
759 51
500 16
478 14
467 15
525 12
661 30
656 65
686 33
750 14
744 11
765 28
760 74
345 235
697 85
423 16
648 5
711 7
738 5
105 9
37 4
535 2
