137
638 339
689 228
413 226
434 215
78 345
11 299
73 311
1 350
45 276
78 248
100 273
97 239
97 211
137 196
143 177
172 153
200 148
228 203
246 192
263 147
325 147
316 153
349 117
366 126
394 138
387 111
417 131
439 117
429 168
451 126
497 133
516 84
639 85
659 82
650 66
741 44
763 32
636 3
617 11
584 1
592 27
580 19
585 43
563 63
544 68
510 79
527 32
544 35
559 26
570 29
551 4
531 11
530 1
517 4
509 1
498 1
516 22
493 24
488 16
476 15
474 7
485 27
486 37
459 12
441 5
452 25
447 32
443 29
426 28
422 9
424 37
410 11
414 12
396 14
400 55
217 98
222 91
229 93
238 90
244 96
253 91
254 99
266 99
274 80
283 77
267 68
263 60
256 65
243 66
224 75
230 82
218 84
285 62
286 55
303 54
315 43
321 50
334 75
357 61
378 60
384 44
376 39
371 40
357 41
353 37
335 44
329 40
329 37
340 40
335 32
340 27
343 33
350 24
347 20
358 16
349 6
355 4
356 1
361 12
359 7
362 2
367 6
369 12
376 6
372 3
377 1
383 19
383 12
367 25
359 24
354 20
329 49
294 64
544 19
514 20
546 1
767 68
