81
151 345
45 371
39 360
176 325
162 326
474 330
390 330
349 315
333 290
259 317
243 309
282 297
405 294
427 309
436 293
460 300
491 293
508 321
478 256
464 278
448 234
451 226
427 249
440 245
425 269
409 241
420 212
431 214
406 204
393 208
376 202
362 208
369 227
391 244
392 236
382 259
344 253
337 242
346 214
341 202
328 211
307 250
301 272
293 224
276 203
292 210
259 212
266 208
267 195
255 199
250 200
247 243
263 259
246 271
229 266
219 265
208 273
188 264
217 228
209 208
200 199
202 192
190 196
190 204
185 212
175 231
172 211
171 205
173 199
181 192
182 200
112 218
112 208
30 218
10 223
4 224
7 282
129 276
67 286
316 195
436 241
