250
125 431
151 488
262 315
339 379
439 516
397 320
380 291
353 259
335 249
321 222
244 188
228 226
106 237
64 259
55 220
22 215
31 178
69 188
67 165
12 113
1 165
132 152
135 133
166 147
155 113
180 107
198 115
203 133
216 107
243 48
284 52
253 95
277 110
301 104
311 87
326 119
331 95
345 90
341 105
300 53
311 44
305 40
293 40
283 44
340 55
372 76
370 60
385 37
409 52
426 49
421 68
421 79
408 84
395 76
381 71
452 55
457 69
486 44
509 48
504 36
515 5
584 4
570 23
576 6
655 27
654 14
636 16
634 25
622 13
616 41
684 1
703 8
716 11
754 4
748 19
755 28
765 17
766 36
749 60
747 51
734 40
708 48
696 36
700 25
666 55
656 48
637 40
634 61
606 61
614 55
589 55
577 37
589 45
571 60
563 48
541 48
552 57
560 82
526 79
522 67
512 63
501 80
478 76
446 90
415 91
485 101
482 113
477 131
461 133
531 126
663 98
700 142
666 151
521 176
519 158
475 170
417 221
453 231
527 213
435 272
413 272
522 320
580 252
619 370
672 462
704 256
707 178
758 158
765 212
138 44
133 46
128 39
191 36
184 20
200 36
211 40
230 38
225 46
277 37
282 30
303 46
310 57
277 88
279 98
478 48
491 38
501 28
535 2
531 26
544 25
548 24
560 25
555 32
587 10
578 11
576 20
646 3
690 17
646 38
663 4
522 52
585 71
680 57
703 73
729 87
581 79
570 73
584 158
622 145
587 126
632 117
714 54
740 5
739 24
716 5
708 3
238 164
229 171
379 201
288 143
181 132
234 47
318 36
259 94
318 110
276 189
396 51
388 55
381 64
416 54
421 56
425 61
433 62
473 69
264 52
259 41
252 34
376 60
216 132
287 48
348 76
472 43
414 124
642 9
629 10
616 9
697 20
716 27
675 134
626 37
607 120
614 103
499 54
484 62
761 32
763 12
522 34
518 32
568 82
278 52
273 46
304 85
197 45
181 44
190 40
203 47
251 41
269 62
246 78
209 97
67 131
102 160
83 253
156 209
192 128
238 117
270 116
291 248
420 128
350 158
306 196
369 36
671 5
669 2
673 37
702 45
631 49
605 29
587 21
578 28
