177
60 250
208 367
245 266
193 182
208 151
238 141
344 241
422 238
347 320
402 355
15 163
30 121
37 66
27 71
3 54
5 43
35 34
29 46
41 44
43 55
60 75
69 65
74 51
64 47
52 38
67 37
77 77
107 112
134 105
154 88
147 52
139 53
162 89
173 81
174 71
178 90
217 94
230 105
233 55
200 55
210 49
189 50
171 54
176 47
168 40
153 43
118 52
107 70
81 61
84 50
75 43
92 46
86 36
80 35
99 43
84 19
95 29
101 26
105 28
110 24
108 42
136 31
148 27
158 31
173 29
178 24
187 26
203 34
203 25
210 22
135 17
145 15
160 10
165 12
173 14
174 8
186 10
199 11
204 11
199 17
213 11
223 22
214 39
218 55
163 5
199 6
150 20
177 36
229 44
231 33
237 22
228 17
220 7
229 6
243 14
249 10
253 15
259 6
261 22
256 26
458 89
445 80
422 75
418 91
487 127
377 85
377 66
373 58
388 47
356 55
344 41
325 47
326 36
344 68
289 60
295 55
281 49
273 46
264 62
242 60
249 57
248 48
387 21
394 21
406 20
415 20
423 15
453 28
471 40
494 30
506 40
510 61
510 47
363 33
354 28
334 27
322 25
309 29
290 27
287 20
279 21
356 18
345 15
372 21
473 15
489 10
508 23
466 7
477 5
438 6
446 6
418 6
364 10
379 10
379 4
387 9
393 5
398 4
404 6
410 8
313 12
319 4
329 4
351 7
344 4
338 14
303 31
340 25
280 9
277 5
291 5
294 12
298 4
244 3
261 13
305 1
499 38
