133
8 376
92 248
92 287
159 283
290 226
190 189
183 169
240 177
259 139
336 93
369 80
354 57
389 47
389 27
398 13
401 2
412 1
387 2
376 14
369 11
373 28
352 39
328 9
321 5
309 27
331 47
313 62
280 69
282 33
301 13
304 2
285 12
278 5
271 2
267 6
268 16
257 38
247 16
249 4
242 2
235 39
209 54
210 44
195 49
177 61
150 86
109 94
119 68
144 66
101 57
108 36
128 35
143 36
158 40
162 28
174 27
182 22
187 15
185 11
190 24
194 31
205 22
207 14
218 11
227 8
215 2
195 1
195 10
203 9
183 1
175 2
172 9
164 15
153 1
143 6
139 5
134 2
119 5
107 25
105 3
60 119
24 111
29 93
8 88
58 72
90 78
84 63
74 67
67 60
1 1
14 1
22 1
19 5
20 12
15 6
14 15
3 27
12 22
17 22
39 20
44 2
69 5
77 3
84 5
88 3
95 1
104 27
97 30
91 30
74 12
75 33
60 28
64 32
65 43
71 39
89 40
84 42
43 51
35 41
42 39
39 30
29 34
1 40
1 49
3 70
32 57
234 22
342 46
130 14
347 8
115 2
119 1
429 1
