296
256 270
305 321
316 337
355 416
138 283
34 217
66 183
529 220
505 196
516 152
497 146
481 127
525 120
533 115
549 109
593 225
609 175
622 184
625 158
552 178
647 203
683 304
707 174
668 146
683 132
650 129
668 78
630 81
605 88
591 85
564 75
519 102
509 97
33 145
2 148
72 117
98 99
117 121
130 120
128 100
130 62
113 63
98 58
51 71
45 68
31 75
7 68
2 71
26 369
28 400
66 485
345 115
361 116
359 89
379 75
394 73
416 88
423 68
297 88
282 78
271 75
259 73
231 78
248 118
236 122
185 76
202 81
155 86
77 88
67 99
92 84
105 95
264 108
282 107
279 56
309 79
704 114
715 110
749 135
730 119
717 137
760 105
744 91
173 86
161 88
303 65
313 66
325 56
327 65
285 43
273 43
379 27
210 27
207 47
212 37
226 46
690 75
707 63
696 52
681 63
662 52
643 46
635 44
625 40
612 52
611 49
604 47
584 52
584 47
452 53
426 54
437 50
479 63
487 65
497 65
505 60
498 60
492 54
489 42
473 40
454 33
440 29
441 24
448 22
435 25
430 28
446 35
450 42
443 42
442 59
434 65
434 58
514 51
517 52
510 59
524 62
516 71
503 72
505 81
547 55
556 53
554 52
537 51
545 50
545 20
544 17
551 19
551 30
558 22
559 20
566 23
570 25
573 22
601 21
608 21
610 22
604 24
605 32
612 29
614 34
594 42
526 56
564 51
566 42
503 43
513 19
516 15
520 16
457 17
464 19
462 18
609 47
629 29
628 21
631 24
664 12
671 9
668 23
666 16
664 16
662 19
643 19
661 22
666 39
680 40
692 48
671 46
761 59
755 45
752 52
741 52
746 46
750 42
745 34
762 33
755 20
756 16
738 14
727 21
728 16
734 13
721 11
721 20
713 24
708 21
712 19
708 17
706 16
706 10
710 11
703 18
696 16
696 25
701 35
693 33
711 30
723 37
724 29
732 36
762 18
764 13
762 14
760 15
765 52
767 40
727 44
734 44
717 44
713 44
701 39
686 44
713 53
724 60
651 91
265 58
272 58
310 55
74 85
62 94
182 102
176 102
198 84
193 60
249 78
235 49
256 47
275 47
297 47
317 63
239 25
237 27
269 25
203 62
247 107
271 69
286 78
661 176
596 176
577 53
508 23
505 19
506 15
540 21
534 20
548 23
547 18
483 52
368 34
371 26
384 30
385 26
383 18
419 26
424 24
387 51
390 87
554 47
547 47
645 22
653 21
653 42
658 14
613 18
648 60
648 56
698 62
498 101
734 19
720 14
729 32
716 33
756 39
752 32
748 20
752 19
753 13
