247
716 258
647 242
619 261
617 278
729 350
712 369
731 445
581 533
568 376
518 424
497 381
433 504
379 527
167 439
259 450
14 471
10 428
28 369
46 396
19 356
2 251
35 300
50 300
110 319
142 291
124 322
462 299
372 282
270 261
371 195
47 266
92 265
117 276
163 260
157 249
120 251
84 251
54 240
26 231
20 211
38 204
7 176
35 170
85 195
126 204
154 187
175 192
65 222
9 154
24 152
108 158
126 170
215 179
229 173
124 151
115 29
79 87
68 89
85 92
94 103
56 105
49 102
32 106
39 110
33 121
27 122
28 128
8 127
1 123
6 139
2 168
64 134
88 133
92 130
116 83
126 73
130 51
130 42
138 50
147 39
133 59
131 82
126 95
117 102
104 122
104 140
95 142
128 131
114 127
134 108
141 127
154 133
186 133
154 90
147 85
160 90
171 81
171 95
179 92
182 81
191 78
208 68
223 44
227 63
230 72
226 76
200 87
190 93
183 100
179 104
183 110
192 107
204 111
216 104
223 101
227 90
215 124
216 138
221 144
123 25
157 10
164 11
187 13
181 13
172 18
166 16
239 35
247 40
252 31
239 62
247 97
153 15
255 124
251 127
239 123
242 132
263 132
273 119
273 109
260 99
255 75
294 76
305 79
299 129
294 131
328 126
367 136
356 136
368 126
392 163
359 110
334 91
356 79
376 74
384 92
389 76
395 91
403 107
433 105
454 132
481 131
488 122
493 91
483 79
504 91
426 78
441 82
435 73
453 82
467 74
293 26
306 23
304 35
300 36
330 28
341 29
341 8
348 11
366 1
363 13
355 18
357 35
370 31
380 1
386 10
340 55
351 59
510 112
536 161
551 142
391 35
399 37
405 31
414 54
423 63
427 23
446 16
453 10
471 7
487 45
538 9
547 42
539 42
519 47
524 58
504 40
509 46
515 76
479 62
477 52
472 59
463 59
460 65
389 5
394 6
599 126
660 88
652 86
657 47
630 30
613 36
603 14
579 3
570 14
590 11
601 32
572 36
561 54
595 58
592 75
583 90
569 84
417 1
439 2
495 37
578 10
499 72
306 1
388 1
442 13
477 3
404 8
409 2
405 70
420 80
619 4
588 1
