147
192 504
412 563
607 536
752 401
697 280
746 222
710 142
708 113
733 64
666 131
643 129
588 179
519 385
446 278
322 389
241 343
134 228
43 185
25 206
153 186
203 151
196 94
164 74
152 129
105 95
109 79
79 84
69 77
40 89
4 94
13 128
475 177
429 156
410 174
375 137
342 153
310 143
283 109
283 95
274 83
210 46
174 48
143 51
119 41
2 52
38 47
47 47
63 37
54 35
59 70
88 29
80 15
61 9
32 27
13 20
3 26
23 2
70 2
87 11
97 12
95 20
107 20
101 6
122 16
134 12
164 11
177 12
186 5
187 21
211 17
210 6
260 26
261 12
292 24
295 15
286 14
311 20
321 10
349 38
342 2
330 50
322 65
336 101
376 111
203 50
411 60
386 30
396 34
392 19
401 20
402 1
426 4
447 5
451 11
472 5
476 22
510 3
517 1
528 2
550 3
558 9
579 2
587 2
610 5
636 12
649 27
649 39
640 32
642 47
635 50
638 59
626 63
631 99
646 92
652 97
630 122
616 150
625 148
546 140
566 133
547 74
535 67
515 66
508 69
485 120
444 149
400 100
692 35
702 22
711 14
723 8
712 5
749 6
752 14
759 27
759 22
761 12
764 88
764 160
16 66
168 329
119 1
138 54
502 1
489 1
756 6
759 7
