94
68 351
297 371
251 336
256 288
200 275
120 312
479 346
508 362
492 242
430 253
409 280
334 239
387 220
391 191
457 182
466 148
510 181
509 142
502 102
477 107
469 122
457 124
448 138
414 135
393 142
338 129
300 160
228 196
154 252
91 193
74 198
63 196
48 240
22 234
31 212
20 182
3 191
22 168
39 171
36 159
36 148
60 160
101 170
124 183
114 184
158 181
174 170
145 165
108 137
92 121
61 126
27 130
12 148
10 177
4 160
39 124
62 112
52 104
38 92
30 90
25 104
98 194
161 152
162 129
177 147
187 155
206 158
196 137
182 95
205 92
213 136
240 134
242 121
247 112
251 129
265 125
282 131
290 86
257 88
243 86
477 89
72 93
53 90
4 92
17 143
441 64
483 65
470 56
263 80
250 81
254 71
247 60
347 106
356 116
