108
117 312
207 289
214 184
238 197
129 102
123 81
142 84
160 81
16 143
10 118
2 143
28 55
157 60
236 56
269 55
298 67
307 87
334 113
371 109
421 61
438 83
436 239
530 193
539 322
631 248
643 193
606 170
658 115
687 114
668 76
711 57
681 70
699 219
765 221
612 553
52 34
185 39
206 33
50 12
45 10
41 15
25 8
18 12
96 17
87 28
80 14
69 9
62 12
93 8
83 4
112 9
120 10
131 57
131 8
149 9
163 11
171 9
177 7
198 10
206 19
213 16
155 5
137 2
229 16
229 30
265 14
284 19
298 21
303 6
333 12
359 16
290 4
321 1
403 21
378 19
412 21
495 52
472 29
460 43
450 16
490 28
507 16
530 22
538 48
552 28
538 13
570 22
565 50
595 24
702 13
716 32
728 25
728 11
610 37
635 15
641 6
666 7
628 74
123 22
179 4
191 4
164 2
212 3
233 2
373 6
479 9
601 4
398 90
