134
77 54
40 54
23 53
12 57
1 59
96 18
90 21
73 20
65 19
60 21
58 25
49 26
41 26
38 27
33 26
25 27
15 26
8 29
35 22
37 18
1 18
28 22
260 50
267 40
268 32
271 48
285 50
306 49
334 48
348 53
330 39
338 38
418 62
414 34
425 34
444 34
470 32
453 65
429 59
457 30
485 37
494 31
491 76
481 77
472 73
501 106
487 14
476 22
477 14
465 3
455 3
451 9
409 2
480 1
511 64
521 35
513 28
509 27
505 11
499 3
500 9
510 3
520 12
537 11
539 27
532 28
522 1
560 19
567 14
562 28
572 43
585 21
580 19
576 1
600 14
596 4
609 15
626 9
624 22
614 25
610 37
589 43
581 50
558 63
637 19
654 15
669 9
659 3
682 9
695 40
698 55
671 45
676 75
700 99
675 94
653 87
645 75
624 70
611 55
598 70
596 98
587 112
522 113
523 93
515 129
513 136
522 157
521 192
505 165
526 216
593 138
637 134
668 145
700 149
669 113
712 9
731 12
756 8
764 24
758 39
766 35
761 68
749 50
765 86
738 80
725 77
716 61
703 54
749 98
741 140
735 166
654 354
556 572
671 522
