108
44 151
61 181
101 164
95 131
110 127
130 343
127 227
193 175
164 172
152 161
115 188
268 175
260 248
304 242
340 325
421 337
492 301
441 272
433 241
504 223
469 200
477 175
402 191
411 230
339 223
388 277
363 196
369 169
399 172
421 151
465 151
459 106
318 169
304 151
505 64
477 80
486 65
466 64
457 74
447 59
445 76
438 65
429 71
400 70
385 59
363 47
364 59
349 53
351 47
349 47
357 68
336 70
348 64
336 107
327 86
324 74
328 68
307 76
309 86
281 76
275 76
268 86
241 85
223 74
214 89
203 80
176 101
191 91
179 70
161 70
160 89
149 74
139 89
131 74
125 92
113 86
125 131
95 97
106 80
85 79
85 85
76 91
68 71
76 101
59 116
42 101
27 121
21 124
50 86
59 70
27 74
29 91
9 116
11 95
14 74
3 82
9 133
46 126
107 100
254 91
278 277
456 66
396 62
193 325
355 359
131 204
176 191
206 218
