100
170 362
160 313
53 336
63 313
44 286
128 260
145 235
112 217
151 190
175 180
90 157
121 135
142 144
168 139
168 115
188 106
101 116
362 176
427 165
509 86
205 105
220 88
226 113
232 102
249 100
270 82
257 81
246 81
249 64
263 68
259 57
284 51
279 60
222 52
210 61
197 62
198 72
181 76
187 53
149 55
134 61
126 48
119 52
116 38
110 20
103 15
437 76
413 80
371 72
382 56
341 59
316 51
349 47
341 39
334 30
319 22
296 34
281 26
274 34
217 41
115 44
100 47
109 48
107 6
119 16
95 7
99 5
109 2
106 1
120 90
499 26
344 28
340 19
352 17
365 17
329 14
283 14
270 21
291 6
313 4
338 8
354 3
410 40
399 41
385 40
359 35
243 71
484 34
450 21
451 5
426 1
416 2
443 1
462 1
476 2
489 2
502 12
234 65
298 27
305 17
