110
107 548
70 467
104 447
35 297
11 289
41 252
30 239
13 203
38 205
49 196
66 195
93 198
111 199
148 190
145 181
109 241
114 269
143 309
126 317
194 304
212 302
228 260
159 241
176 181
192 185
204 179
222 177
255 293
430 361
400 317
248 179
281 177
288 173
304 178
299 169
303 203
320 170
333 163
331 176
353 183
367 196
357 167
374 169
383 166
395 163
405 173
400 184
396 235
412 252
412 252
429 193
431 176
421 164
414 157
433 160
446 163
451 187
468 187
469 209
501 175
491 172
499 160
489 156
471 161
465 156
456 154
512 144
512 157
232 185
533 282
584 238
634 356
740 352
731 433
560 189
529 172
538 163
548 170
548 170
536 147
549 141
552 148
564 145
571 148
582 146
593 137
604 134
622 174
636 142
631 133
659 135
673 173
662 154
674 132
690 130
695 127
716 134
722 122
720 97
735 130
748 124
761 121
761 121
750 142
714 161
679 204
729 197
649 138
269 164
687 126
