125
31 329
138 344
130 352
311 339
299 309
292 288
319 278
283 268
223 271
212 280
186 235
168 227
85 251
89 240
71 236
130 202
80 214
129 178
113 172
125 161
115 146
110 148
105 150
85 148
107 160
96 172
79 181
78 174
69 183
94 216
31 204
21 203
29 185
9 176
2 164
16 158
1 148
40 155
52 143
61 145
59 152
76 155
66 158
157 128
138 108
129 110
105 111
191 119
196 137
190 155
185 154
221 142
233 138
236 148
264 139
251 176
270 170
268 195
402 216
379 211
363 195
390 188
375 188
376 178
386 166
406 169
442 186
443 168
435 165
452 141
447 143
310 194
286 198
285 185
300 183
319 178
338 188
349 183
355 179
375 169
373 137
366 138
372 128
364 128
355 128
352 137
363 160
362 170
377 163
382 148
350 161
335 148
329 150
321 156
292 147
315 128
302 128
294 125
283 127
279 126
264 120
256 126
187 116
193 149
242 114
238 115
229 125
248 91
254 115
278 119
280 114
280 117
286 117
288 115
290 120
295 117
316 116
312 115
113 114
135 112
241 100
237 100
236 97
30 112
34 110
