231
499 382
116 303
67 312
64 261
23 268
431 181
493 157
471 143
492 132
504 104
487 101
462 95
469 104
484 122
492 113
486 106
448 88
443 104
432 115
439 116
439 126
433 139
412 149
418 145
418 132
416 120
423 96
431 94
425 81
403 96
402 134
383 142
376 134
368 133
368 81
391 80
402 79
408 60
420 62
336 152
336 126
331 141
331 131
319 133
311 114
296 157
270 163
274 148
213 180
165 187
172 171
178 167
116 178
185 154
196 148
195 136
163 124
169 150
140 158
130 139
128 131
109 137
139 130
141 121
141 85
157 83
138 103
223 128
243 127
236 126
211 124
205 103
191 104
182 106
190 65
197 68
195 60
248 107
239 95
233 100
293 113
276 96
267 101
251 78
242 72
252 61
325 75
337 81
344 81
361 64
345 57
218 75
124 136
61 167
55 164
87 152
79 173
188 43
193 40
190 33
219 33
266 35
205 28
303 62
296 52
306 50
314 51
318 46
331 43
336 52
328 54
338 48
342 46
356 58
344 52
321 29
314 31
310 35
304 32
316 27
334 30
343 30
340 27
338 30
337 25
339 24
342 25
352 24
361 30
349 29
357 26
368 30
361 49
429 48
436 43
443 45
405 54
385 54
384 48
382 43
390 48
386 40
391 41
421 27
411 30
413 27
407 28
404 33
396 25
390 29
383 23
397 43
404 46
435 31
440 29
426 31
435 22
440 24
442 4
421 45
434 48
390 16
395 12
410 11
447 17
455 19
461 15
461 12
458 7
454 8
453 1
452 3
432 20
455 33
448 32
448 42
412 36
378 32
377 25
461 41
440 43
434 19
440 19
446 23
448 15
449 4
363 25
416 10
419 10
467 4
321 50
320 25
463 17
463 11
452 13
481 25
476 27
479 27
471 29
473 31
477 31
474 33
478 46
470 43
489 42
487 36
483 34
483 31
481 31
488 32
492 34
494 29
498 29
429 27
464 37
464 32
400 13
389 11
264 38
268 38
199 27
415 21
406 13
457 4
356 36
189 27
191 28
218 26
230 21
466 12
462 5
