168
78 433
22 287
61 269
135 319
171 356
197 319
195 302
301 357
320 275
307 254
293 233
263 282
211 277
217 257
239 260
463 294
470 272
569 298
586 295
576 225
551 213
503 225
459 243
444 248
391 232
413 205
434 204
418 222
419 166
359 171
357 162
330 188
166 215
135 232
113 231
94 225
106 230
515 169
524 151
546 163
551 150
599 152
633 163
618 194
618 183
617 223
679 232
572 215
699 212
691 199
692 129
526 131
523 125
538 124
623 117
621 89
641 92
652 90
648 87
639 88
655 128
666 125
625 154
731 201
732 263
741 251
86 224
108 209
112 215
114 202
127 194
134 191
141 200
143 191
158 196
146 189
155 185
164 184
161 178
171 172
175 182
169 191
180 187
185 183
182 176
189 176
191 177
202 181
216 180
221 174
217 172
225 166
228 171
225 173
231 168
236 170
242 167
254 172
260 183
272 171
272 167
298 167
303 169
83 208
79 198
71 201
72 197
85 187
86 183
90 185
93 183
97 185
101 178
107 176
112 178
124 170
121 168
128 178
136 182
66 188
70 192
72 188
61 197
60 192
53 197
53 211
42 192
47 187
49 190
51 192
47 182
51 182
40 186
32 193
26 193
39 204
41 199
34 210
20 216
21 210
24 206
14 204
17 193
11 194
20 191
22 187
16 197
19 199
15 200
11 199
12 218
29 208
2 209
4 199
6 192
10 185
13 191
4 188
42 185
33 190
51 206
61 204
762 387
766 364
4 210
93 173
559 60
600 52
