85
1 144
6 104
1 56
13 50
103 252
76 243
117 251
136 232
178 225
189 222
205 195
234 213
227 189
178 140
510 283
502 271
506 253
507 235
506 221
492 241
21 39
30 50
21 51
38 60
45 68
49 47
60 51
70 56
80 62
83 54
94 58
104 62
99 36
113 55
121 58
115 64
141 52
137 64
149 56
152 60
157 70
173 57
157 47
165 40
153 31
162 29
168 27
171 23
177 36
174 45
189 49
195 60
203 63
210 67
236 58
205 45
195 34
199 26
189 26
211 38
216 32
221 27
228 50
239 48
243 27
240 16
250 25
245 16
247 11
249 39
254 32
268 38
265 38
270 47
261 51
277 56
262 67
274 50
294 76
289 85
309 72
356 81
327 98
372 98
499 208
