87
140 359
104 334
210 301
200 277
284 260
313 279
499 437
520 475
426 283
457 258
632 262
627 218
654 193
617 178
588 210
567 163
552 210
508 212
491 201
456 185
448 212
388 193
193 240
175 205
209 203
164 199
161 183
164 171
125 191
133 188
124 216
140 185
105 183
113 178
80 181
49 176
34 184
190 146
216 145
243 160
257 162
278 152
357 154
367 114
378 111
375 135
380 142
394 149
447 153
455 150
458 160
456 170
469 147
500 135
517 151
508 122
489 113
482 113
535 151
535 101
550 96
579 66
593 118
585 123
586 132
620 138
655 134
638 108
628 100
665 111
667 95
677 79
693 96
677 119
705 131
719 138
745 179
760 139
739 113
728 113
712 122
710 112
718 99
716 80
735 62
755 74
765 76
