74
405 339
371 355
387 268
262 307
207 273
198 275
180 276
152 275
139 288
118 268
98 269
69 276
26 213
32 219
35 225
20 221
21 229
14 235
19 244
18 265
31 265
78 270
69 235
67 228
74 229
80 231
87 240
60 234
53 228
151 266
182 265
189 256
162 230
208 256
185 257
136 275
312 273
280 260
318 193
359 200
379 197
385 214
361 247
353 246
346 251
328 256
367 265
376 246
384 242
407 237
426 247
439 249
467 256
456 222
480 224
490 224
431 205
438 202
417 210
419 206
431 198
439 191
453 193
454 206
470 204
473 195
467 195
487 198
494 191
507 194
503 203
413 192
458 195
488 192
