142
31 371
132 373
157 266
225 278
427 374
450 297
465 267
445 225
328 157
244 152
239 115
182 100
498 161
511 102
499 119
489 96
488 78
479 68
464 68
448 74
443 62
430 59
413 55
408 43
396 34
384 64
368 58
439 113
458 163
438 161
408 130
369 97
335 97
309 125
317 102
324 58
317 58
269 78
254 75
247 71
218 80
203 68
236 56
248 39
282 45
368 44
355 42
380 34
123 133
69 137
62 81
121 65
105 58
95 65
76 62
59 65
37 80
381 15
387 1
375 6
360 7
372 29
364 19
350 12
351 25
342 29
338 12
337 1
324 2
317 12
314 3
304 4
303 9
309 16
305 23
302 35
326 23
324 12
285 3
292 1
260 23
257 16
240 25
241 14
241 6
243 41
282 29
279 3
195 6
220 1
204 29
221 45
213 47
190 45
173 39
173 29
177 13
155 4
157 1
166 17
168 8
171 1
129 4
134 14
135 33
138 27
129 26
113 3
120 11
122 3
98 16
103 22
79 12
103 35
84 39
59 35
50 36
34 53
7 52
27 48
8 14
20 25
16 16
30 17
39 18
49 11
60 14
67 14
67 4
60 6
55 1
52 4
32 6
20 8
18 1
11 6
4 8
89 1
102 3
94 7
79 7
171 85
