229
234 377
257 364
351 213
265 227
265 207
252 200
242 166
191 170
144 213
180 278
256 292
115 256
69 205
29 199
24 171
79 182
510 86
505 92
505 41
504 24
508 10
498 10
442 98
483 87
495 69
484 39
460 48
446 67
419 74
408 69
388 79
377 88
351 74
362 66
346 53
368 43
370 25
360 7
470 4
473 4
494 1
493 16
492 25
476 19
471 22
468 24
465 20
459 14
452 12
458 24
445 29
416 19
437 31
442 47
435 45
434 55
409 38
421 28
406 41
402 34
386 32
385 40
405 58
388 64
395 64
400 51
370 56
376 53
371 67
379 1
331 21
328 20
309 29
306 23
295 33
292 29
287 31
282 35
285 26
291 24
276 36
192 53
197 49
193 41
190 41
208 48
212 38
214 32
227 40
232 43
235 40
232 37
237 36
235 37
242 34
240 36
251 34
255 33
268 31
277 28
279 25
282 27
298 26
294 24
298 23
164 93
159 92
156 87
138 95
124 97
123 99
244 64
263 57
278 47
288 54
299 48
305 51
317 45
338 49
328 70
343 71
280 85
260 91
246 95
259 115
273 123
236 100
230 106
239 113
218 105
209 110
204 117
196 120
181 115
170 120
159 125
115 123
106 155
78 163
99 187
203 148
219 130
221 143
121 65
115 67
108 70
101 71
132 70
129 63
131 58
136 67
139 67
137 61
140 61
144 59
161 56
164 54
168 55
169 54
162 67
168 65
174 61
194 59
197 55
236 48
201 55
89 74
58 177
92 201
27 116
35 184
197 86
239 60
144 137
311 159
327 158
342 183
330 203
124 79
105 81
109 80
111 78
100 82
93 82
116 79
112 69
10 97
17 93
24 81
27 83
33 81
67 70
71 73
80 67
85 70
88 77
18 73
7 100
2 85
6 85
11 82
14 83
2 98
25 91
180 89
477 366
249 65
248 55
215 50
210 51
212 51
220 49
223 48
223 40
200 50
181 60
145 69
158 64
157 57
154 68
121 71
274 33
379 8
337 65
332 65
294 128
280 107
226 161
483 12
