253
11 392
124 413
159 376
102 339
161 245
179 268
207 241
274 244
327 267
343 424
498 280
575 313
597 288
623 258
648 210
717 282
598 190
601 167
560 179
527 193
516 167
547 160
520 129
3 138
3 128
33 110
25 113
38 120
40 106
40 106
49 109
48 101
66 117
69 117
66 106
72 103
80 96
85 97
91 103
93 96
21 84
31 79
35 77
38 77
41 74
46 72
56 72
55 67
330 162
355 156
252 120
230 113
201 150
264 119
272 120
43 102
54 84
67 77
69 70
69 60
81 77
81 88
71 93
96 87
115 85
124 100
105 106
112 114
132 118
124 136
156 132
164 94
187 93
144 93
138 83
143 62
156 69
169 70
172 57
180 59
185 56
181 45
165 43
159 44
150 45
145 46
171 41
175 38
179 39
184 39
186 37
189 38
189 38
193 52
200 58
222 50
217 93
195 97
205 123
288 96
291 85
296 79
295 65
247 49
236 40
241 38
248 39
216 41
211 42
204 41
200 35
205 32
207 29
203 33
222 32
213 32
224 39
221 36
216 37
231 37
235 34
232 29
231 25
228 25
225 24
229 20
234 22
239 20
242 19
245 27
249 19
249 17
254 23
257 21
257 18
260 19
261 18
275 43
274 35
314 64
322 46
306 46
292 45
295 40
299 34
310 35
317 31
325 36
317 41
314 42
277 20
270 14
271 11
273 13
279 13
280 11
283 14
282 10
286 7
289 7
290 9
292 8
294 7
295 5
297 10
299 8
305 15
332 35
330 8
318 5
309 2
313 1
305 3
300 2
302 2
331 5
325 3
328 3
339 5
340 10
346 11
305 9
350 46
376 82
331 79
338 68
363 40
377 39
411 33
407 11
416 17
429 14
436 30
355 10
358 10
361 1
373 1
380 8
378 9
369 12
318 1
315 1
311 1
382 24
374 22
369 26
386 5
395 13
392 13
422 45
431 76
413 90
413 112
421 109
413 102
379 117
430 68
437 70
442 63
437 59
425 30
553 7
550 5
474 5
444 136
414 139
462 136
492 134
463 44
457 40
462 32
466 24
464 20
490 17
480 2
391 142
389 131
398 137
410 126
639 59
650 78
738 83
666 17
677 13
691 30
695 22
704 23
706 26
715 21
733 34
744 25
757 27
615 1
