76
343 292
424 213
462 207
485 147
420 119
451 116
46 353
10 306
152 344
102 293
136 257
117 221
87 221
240 258
270 256
305 216
346 212
306 170
154 208
139 200
195 192
227 195
305 94
266 108
4 97
12 97
44 104
48 108
63 105
64 115
87 111
85 100
108 96
104 102
97 68
100 62
95 56
119 54
130 47
132 61
138 48
136 35
137 23
147 35
155 37
161 30
165 24
162 19
168 27
174 24
186 18
194 22
197 18
246 119
263 91
363 69
375 75
330 61
320 64
321 33
317 33
316 41
324 30
350 35
344 47
358 47
357 53
365 39
401 66
403 53
397 57
1 67
4 62
4 62
96 49
131 28
