86
273 294
182 299
119 256
144 248
183 244
222 227
283 217
188 209
135 178
97 209
80 221
77 190
31 222
18 294
33 162
43 105
49 106
61 102
65 101
69 146
63 151
82 141
103 143
113 94
121 105
170 57
165 47
177 62
142 88
145 98
139 105
120 128
152 142
174 152
180 168
197 144
189 108
195 101
241 84
249 80
242 95
233 105
259 132
269 119
278 137
287 103
289 148
308 114
326 118
325 77
333 91
355 100
362 93
348 129
368 73
360 69
434 127
422 105
386 88
371 82
386 71
435 63
444 66
459 67
468 67
473 69
500 55
507 60
503 77
487 81
459 86
462 75
432 84
451 95
465 124
489 141
483 174
486 99
510 100
385 149
367 152
409 78
409 59
484 126
158 104
162 41
