234
630 568
6 354
165 300
147 291
104 238
64 202
229 187
219 179
199 172
191 169
218 160
412 223
119 211
284 183
310 153
353 177
328 232
325 134
267 122
255 122
763 262
763 200
751 113
725 90
693 71
709 77
726 77
670 72
650 90
623 126
593 94
579 97
532 136
519 115
525 95
483 124
446 130
460 113
441 111
396 133
115 136
64 124
24 142
84 117
79 107
63 111
53 119
57 101
84 97
34 89
47 63
63 63
17 141
89 98
76 56
109 55
95 53
97 32
133 54
125 86
114 81
104 82
96 77
104 94
111 88
136 90
155 99
175 68
183 72
192 86
216 98
229 89
251 85
257 83
262 65
239 40
253 34
238 31
237 27
268 40
287 40
278 63
297 69
292 71
289 57
305 63
305 86
291 91
316 63
326 100
319 87
327 77
328 70
317 41
320 34
330 34
322 28
339 30
355 31
345 40
352 50
333 48
335 62
345 63
352 65
354 70
363 63
362 54
376 66
374 77
385 54
395 64
395 57
379 58
381 55
390 92
383 96
407 70
421 63
419 55
415 56
412 46
427 62
436 70
443 67
445 96
465 93
480 77
478 64
461 65
454 64
456 24
472 35
483 32
492 39
497 64
502 75
508 66
515 63
527 81
528 70
547 73
550 81
504 35
586 83
585 72
570 69
544 40
510 33
553 33
558 32
559 26
570 26
579 32
586 29
599 30
606 15
613 15
622 15
626 18
629 18
627 30
616 37
628 77
627 64
636 52
635 32
636 24
636 20
591 61
607 71
554 72
641 20
642 12
649 11
653 10
646 25
642 33
643 28
646 34
656 41
651 44
651 39
648 48
641 51
639 61
648 69
650 58
654 76
683 50
670 40
693 33
686 34
701 32
711 28
720 32
720 26
725 40
735 34
750 33
759 34
760 28
765 29
767 34
767 23
747 71
732 68
719 62
709 56
766 82
154 549
229 460
345 337
393 294
726 48
741 34
747 57
762 63
22 250
27 122
37 131
68 96
100 52
110 49
347 48
360 43
583 140
618 61
736 25
737 76
605 89
723 18
542 23
630 24
