103
101 411
76 406
323 486
360 481
293 389
308 402
371 380
458 384
489 449
601 557
266 371
269 358
325 347
330 341
377 343
409 348
406 358
438 324
107 211
111 211
103 215
118 215
121 214
127 214
125 218
133 211
137 211
135 229
138 224
143 229
143 227
128 243
136 243
148 241
138 275
85 267
78 268
159 288
176 286
182 288
167 287
191 269
60 268
243 296
244 292
241 274
226 265
251 274
278 291
335 305
309 271
354 312
363 286
371 284
397 287
404 289
416 273
456 298
461 291
470 293
472 284
484 275
487 270
496 245
489 242
484 238
498 242
507 237
523 235
524 233
517 243
519 241
517 248
510 252
514 248
524 254
528 255
531 249
534 238
538 237
540 239
543 230
545 235
540 250
541 255
556 253
560 249
563 246
562 269
503 307
497 307
490 285
483 315
585 343
595 327
596 271
708 499
724 476
732 449
728 301
690 310
688 233
762 534
