268
437 359
444 507
305 384
255 328
377 281
123 285
49 197
123 187
170 138
100 118
23 150
8 131
53 72
35 78
87 101
117 78
197 96
234 86
221 62
250 62
222 159
261 93
275 97
297 78
312 53
317 135
271 161
352 118
395 102
425 114
412 144
419 127
434 149
492 178
469 116
490 74
495 62
560 73
555 57
590 74
626 94
549 172
548 210
580 273
627 284
633 205
625 187
656 159
654 184
687 139
706 161
718 164
743 141
693 205
755 421
143 41
158 42
162 35
169 36
191 36
219 41
240 31
231 28
6 34
2 21
11 28
16 25
21 22
29 19
25 19
36 16
35 23
17 20
40 33
44 20
48 18
52 21
65 38
88 35
81 20
74 14
104 30
101 21
106 21
102 16
113 19
119 18
125 27
132 28
140 21
136 13
156 16
168 17
111 62
102 64
147 31
147 14
149 7
169 10
181 7
189 11
192 11
199 15
211 9
218 9
205 17
235 14
246 12
238 7
258 19
257 11
264 11
270 16
272 10
279 16
243 3
254 4
259 4
264 7
267 4
271 6
280 6
250 25
289 8
295 15
300 15
208 5
190 2
306 15
316 8
309 24
324 20
321 25
323 2
330 3
327 19
342 13
336 29
348 27
350 20
358 14
364 14
363 22
364 5
376 10
389 8
401 7
411 9
419 9
428 14
413 25
427 32
406 66
394 25
449 41
447 32
462 40
469 30
471 23
465 15
460 13
438 11
429 7
449 3
461 5
465 6
468 6
477 20
491 24
490 9
496 7
501 17
496 35
484 41
504 53
511 47
516 39
512 22
507 25
503 8
522 13
524 22
518 23
524 34
509 3
573 51
551 36
557 26
559 17
565 20
579 22
596 17
593 29
592 38
590 48
598 38
608 35
634 48
622 31
622 21
648 31
659 33
658 38
664 29
667 20
694 21
671 135
566 7
577 5
567 3
585 7
642 8
627 7
659 7
668 2
735 77
746 70
760 61
755 42
734 35
722 35
718 20
723 13
732 17
736 18
744 22
750 23
754 30
691 5
704 4
709 6
726 4
718 1
756 4
760 4
766 11
164 3
151 3
155 1
63 16
69 18
43 14
113 5
103 7
96 5
98 3
132 6
137 6
223 4
234 4
169 1
186 1
127 16
106 7
298 1
290 2
286 4
316 1
309 1
379 2
389 4
406 1
609 1
560 3
474 1
439 1
413 1
454 5
