344
24 396
209 513
220 412
62 359
403 504
648 496
627 428
761 560
548 295
509 280
670 200
717 196
746 142
1 235
26 202
25 124
80 182
60 176
214 211
249 206
272 190
257 179
245 179
212 190
479 232
447 215
492 173
535 194
578 210
632 153
680 107
571 167
545 168
542 149
472 156
499 151
337 149
353 148
97 148
117 146
113 120
132 123
163 118
46 94
42 95
55 102
57 93
65 94
72 83
73 87
72 93
64 104
88 79
102 81
111 77
119 92
117 82
110 112
99 115
154 116
155 108
181 109
146 82
152 74
146 74
141 71
160 72
162 84
184 80
173 77
156 54
161 36
171 37
181 46
167 67
182 58
197 72
192 71
203 79
216 88
212 83
219 64
231 71
238 65
236 59
251 56
261 58
271 57
270 51
275 62
225 102
154 82
157 84
238 94
252 90
255 96
260 91
268 114
279 109
287 100
297 91
305 89
323 117
321 109
324 100
331 101
284 41
290 68
230 124
660 115
651 109
577 114
337 13
343 14
285 29
315 34
311 25
302 28
275 26
311 37
321 36
290 38
279 50
348 85
403 126
414 137
430 133
481 106
458 108
437 104
423 108
412 81
464 93
477 94
485 83
476 65
465 65
444 68
412 63
426 63
380 61
368 60
353 62
346 64
327 64
322 68
320 55
334 53
327 56
341 24
338 32
344 44
349 35
350 31
349 26
358 26
355 26
366 26
368 28
368 31
365 33
360 32
379 33
377 13
383 10
386 12
391 12
395 11
398 11
399 9
404 8
414 9
422 11
425 8
433 9
445 6
391 26
395 18
395 27
372 41
381 31
364 43
362 40
356 43
351 48
356 55
361 54
369 51
374 51
382 55
378 50
398 41
401 37
407 36
403 44
396 53
390 66
402 55
408 49
405 47
411 54
416 55
424 49
431 48
431 40
428 41
422 43
416 28
425 34
436 41
443 38
438 38
441 40
449 46
442 50
443 22
439 24
456 16
450 21
452 24
454 24
458 23
461 23
465 19
482 23
469 35
465 39
454 31
448 29
450 28
456 40
459 44
455 46
470 43
473 42
475 39
484 39
479 48
483 47
482 64
522 110
536 107
486 3
501 25
493 24
488 48
496 48
492 58
498 60
501 62
502 67
497 67
496 77
506 65
518 62
520 70
531 72
541 77
564 69
573 71
555 60
547 60
540 59
488 36
488 27
512 63
563 58
577 61
571 50
555 36
562 36
561 27
574 10
569 13
587 11
595 11
597 14
591 13
580 27
585 23
572 33
594 28
590 27
601 19
599 26
613 17
605 21
603 27
615 21
627 8
636 27
626 28
615 36
619 53
602 54
597 52
584 54
620 75
614 82
634 67
627 65
764 56
751 55
657 84
658 67
654 31
656 21
649 21
677 21
678 34
667 47
697 38
692 42
693 19
705 34
688 18
689 20
710 25
719 38
686 40
657 1
655 7
667 3
662 10
669 13
674 9
695 4
698 5
703 8
711 1
724 7
727 5
709 10
732 11
730 16
738 8
746 6
757 7
757 15
752 5
727 40
681 8
681 1
633 12
