105
82 327
69 280
21 286
81 219
107 212
137 346
146 339
134 304
184 294
165 317
183 269
181 257
191 240
176 222
189 197
208 213
254 172
284 146
317 143
329 204
361 219
367 212
347 279
411 232
383 231
426 215
442 281
447 306
414 199
433 158
408 152
404 143
430 150
444 157
207 204
219 220
246 235
431 205
474 167
500 169
507 172
517 170
541 169
537 212
530 210
306 361
325 360
455 360
492 303
566 260
686 355
740 404
709 260
671 249
627 241
607 212
716 229
699 220
656 217
643 213
642 195
658 189
674 189
676 206
716 185
736 157
678 162
687 167
688 160
696 147
659 149
565 168
529 131
541 132
535 122
538 124
553 125
593 131
598 127
609 129
611 132
620 126
622 147
600 130
688 145
672 145
671 153
664 135
653 142
641 140
640 132
631 129
625 125
703 119
711 117
719 120
708 142
727 144
742 150
751 155
757 144
745 133
731 127
766 163
767 144
