122
373 333
420 179
379 154
357 179
334 206
254 336
202 157
220 146
481 95
462 70
426 103
417 86
430 29
427 18
393 15
423 2
444 2
472 38
450 27
492 6
351 47
358 53
336 68
327 15
354 9
339 9
376 2
372 15
363 2
248 6
172 65
199 70
209 65
224 71
181 85
131 92
139 59
131 42
130 23
101 26
74 12
80 15
86 59
62 53
61 21
62 5
50 2
39 2
32 5
9 5
85 253
77 5
81 2
107 18
99 16
130 11
154 30
142 17
262 9
322 46
338 51
320 16
286 55
10 15
20 5
399 8
410 14
378 18
394 23
435 21
441 39
113 12
109 5
122 3
149 39
256 37
392 51
420 60
443 87
472 102
496 96
476 73
170 32
152 12
154 4
178 8
189 10
172 2
183 1
148 1
200 17
209 6
223 9
232 1
288 7
294 3
303 14
308 14
311 6
315 21
259 73
279 74
305 72
232 78
247 40
203 49
242 14
306 2
379 105
476 282
426 230
342 375
164 314
506 35
483 22
470 11
343 77
362 70
46 13
45 108
78 109
104 109
