156
156 541
558 513
490 395
500 349
258 399
205 393
420 322
706 322
756 312
213 322
248 288
227 280
201 282
165 276
39 312
81 312
106 295
58 286
58 264
59 249
5 257
3 244
74 234
106 228
103 261
153 211
200 220
225 205
352 242
352 229
371 200
357 178
368 175
343 172
352 167
363 143
398 176
409 177
419 163
411 150
411 242
388 243
459 157
471 160
443 201
483 183
507 187
520 194
526 167
522 162
512 164
496 145
543 156
523 128
511 107
563 115
568 131
574 134
566 125
593 131
596 138
598 147
592 151
598 158
574 153
564 157
548 177
571 214
498 223
529 225
615 149
616 141
627 155
661 155
672 149
665 142
671 139
663 127
684 128
608 127
608 121
604 121
613 122
621 119
627 120
629 114
634 123
654 122
645 114
651 113
667 126
677 125
674 119
675 114
672 112
689 126
686 124
688 122
699 122
711 120
706 111
710 107
717 101
721 101
719 110
725 111
729 104
739 103
664 111
670 108
675 105
672 98
683 108
686 112
690 112
690 109
698 110
701 96
708 101
749 137
765 135
723 89
719 88
654 116
591 239
765 216
506 318
514 150
490 126
659 111
694 93
697 96
734 98
715 117
734 92
737 91
743 90
738 85
751 89
742 88
706 107
703 107
695 107
661 109
716 90
710 87
713 89
726 100
736 99
660 125
661 115
761 93
767 95
764 90
767 86
730 90
