118
268 396
255 339
241 265
308 281
397 197
448 219
510 361
523 411
569 445
695 290
674 260
738 120
745 54
722 59
711 70
667 68
633 73
500 129
465 121
461 105
441 92
392 166
370 176
373 126
348 104
331 146
302 173
247 117
224 109
169 121
125 139
115 235
82 216
47 189
3 259
17 158
77 159
113 132
68 79
48 79
68 55
131 48
173 39
201 62
245 95
259 104
264 91
279 70
293 74
252 61
266 35
319 73
327 56
296 55
308 64
372 72
31 49
35 31
20 56
1 35
54 5
30 11
171 21
180 20
203 24
210 29
239 29
230 18
268 63
256 26
276 18
267 24
281 29
288 22
285 15
294 40
285 49
286 35
292 49
361 25
378 19
557 55
529 43
501 56
505 87
499 83
482 68
651 59
655 22
663 23
675 56
683 45
708 39
728 45
739 35
727 7
715 8
633 14
625 15
607 14
596 45
586 56
580 50
578 40
559 6
537 4
497 42
502 22
492 22
449 56
439 60
398 46
404 75
385 39
401 39
486 1
762 101
203 192
