96
10 428
5 393
207 281
166 196
125 229
57 231
33 232
61 203
48 203
662 452
428 190
282 199
261 192
274 161
290 169
437 147
443 134
431 130
425 87
437 81
447 78
455 57
495 59
473 105
500 147
527 151
542 185
513 189
656 166
693 181
730 182
669 64
702 52
146 78
79 71
181 137
187 120
200 116
233 71
218 67
181 81
22 57
31 56
75 54
57 48
75 42
73 68
115 43
117 20
107 21
86 24
96 22
91 14
85 16
73 21
69 18
79 15
79 9
78 4
74 4
78 1
81 4
86 6
103 9
89 7
93 11
101 17
100 12
74 13
75 9
264 63
258 59
264 89
281 46
288 41
305 83
291 107
298 101
315 105
391 94
454 11
461 13
457 3
468 13
464 14
485 14
492 8
517 14
510 14
521 1
527 1
593 35
601 2
733 27
749 7
757 6
