207
18 286
57 307
71 213
39 215
48 165
31 168
27 117
48 99
64 91
63 79
194 251
247 251
305 170
285 170
216 161
189 169
173 129
161 102
137 98
118 96
203 90
225 99
281 89
300 98
306 78
298 55
337 85
335 110
351 56
4 52
23 13
31 15
25 21
27 25
31 28
25 39
48 46
50 39
51 29
40 26
55 13
60 6
68 13
65 16
58 20
75 24
73 29
76 20
84 33
132 39
116 33
102 37
98 28
109 25
83 7
87 17
95 10
92 3
117 16
112 15
132 27
125 24
127 18
141 19
145 61
140 75
341 40
343 35
331 38
326 39
324 49
308 47
302 40
306 36
314 35
313 28
340 7
341 3
337 3
346 4
342 20
324 15
333 19
334 11
334 3
324 1
321 8
321 6
319 12
314 14
316 11
316 8
317 2
310 2
306 5
305 2
312 8
306 14
300 15
304 25
293 39
268 53
253 55
274 37
278 34
283 25
293 24
289 16
292 13
299 10
302 7
300 5
297 3
295 6
292 2
291 5
289 9
287 12
280 17
277 13
286 3
281 1
275 1
273 3
268 10
267 15
265 28
254 25
254 17
252 14
261 11
264 10
267 7
259 1
254 1
250 7
247 1
243 1
238 1
243 15
239 7
243 6
238 18
235 8
230 10
231 20
197 54
187 43
153 39
155 65
141 11
151 7
150 16
156 21
167 16
160 30
168 26
183 30
177 22
194 33
211 42
214 32
207 22
196 20
224 3
218 6
215 1
212 5
229 5
208 3
204 4
193 11
200 4
180 6
176 3
169 5
166 6
110 7
103 8
84 24
31 39
157 15
220 5
193 3
355 37
362 36
358 35
358 45
363 29
363 21
364 8
359 4
367 4
366 1
353 10
354 21
308 9
328 16
139 1
129 1
64 56
78 14
318 20
350 6
348 18
346 17
328 9
