146
278 231
19 38
53 48
82 105
96 58
82 19
71 19
31 4
9 6
52 20
56 20
60 29
55 33
87 38
99 16
73 11
69 9
57 4
53 4
44 3
40 4
47 9
129 59
108 48
108 48
115 33
109 25
121 25
115 26
108 6
122 9
120 9
120 9
97 1
161 7
157 1
165 2
183 71
162 89
152 76
177 62
168 57
154 18
137 20
138 9
125 42
134 33
110 15
259 163
209 62
208 24
217 24
233 25
181 1
242 19
242 30
249 31
261 27
261 37
271 38
280 36
271 48
252 65
309 76
301 51
298 43
294 30
302 33
310 31
317 44
318 29
287 1
387 38
343 35
345 47
342 59
326 31
321 29
341 25
347 23
349 19
357 20
372 22
379 13
384 13
393 10
389 28
412 67
397 57
408 27
403 14
408 11
414 10
418 9
432 3
438 5
457 4
469 5
462 4
475 5
483 18
484 9
487 1
495 11
322 103
335 100
336 87
365 71
350 141
373 170
409 116
448 130
448 116
433 114
466 108
474 118
469 171
491 165
508 117
502 82
472 49
455 67
439 81
418 58
436 43
445 42
437 17
453 14
457 14
464 14
459 19
470 24
476 27
481 25
506 2
499 43
507 16
449 57
388 13
367 17
462 37
467 36
465 53
360 33
422 1
362 22
