120
105 367
83 343
78 287
57 290
36 223
4 170
73 137
78 215
96 216
158 304
227 282
300 248
285 221
279 216
296 195
271 182
283 155
193 201
171 145
158 118
184 81
244 97
370 225
372 209
306 161
308 97
257 102
306 78
337 85
382 81
427 159
455 118
446 101
484 93
480 120
489 123
508 106
508 124
517 147
497 167
537 133
534 124
524 108
543 141
562 131
578 124
582 110
666 120
654 85
632 79
763 113
13 56
68 41
64 42
60 19
60 16
65 14
34 1
44 1
51 4
55 4
61 2
115 59
129 71
149 53
235 70
265 49
278 59
303 31
327 27
330 32
341 5
321 3
351 24
364 18
370 22
397 16
458 17
457 31
466 32
460 49
475 61
522 37
523 54
523 61
542 63
554 66
554 40
508 1
578 51
591 60
605 29
609 33
619 44
613 53
633 47
631 36
676 62
683 58
682 66
685 38
727 67
742 66
746 57
739 48
726 44
765 75
759 75
374 77
18 44
35 22
49 57
170 81
1 4
651 43
638 44
681 86
644 21
615 32
592 36
