164
30 39
13 47
27 21
12 10
1 3
21 1
26 6
36 4
45 10
43 6
51 3
67 6
78 36
73 47
51 39
37 48
29 50
30 64
38 77
50 62
89 62
98 48
83 45
102 16
113 8
126 10
131 14
144 7
149 4
155 14
134 29
149 35
148 47
140 38
146 59
134 59
126 75
114 75
109 69
132 93
121 82
140 87
158 93
167 82
164 69
164 34
175 17
169 13
166 8
189 12
204 44
206 32
217 27
208 16
204 25
202 16
184 3
162 12
154 3
210 78
197 93
196 78
233 118
276 80
284 107
299 111
281 145
259 223
222 213
209 206
146 141
134 138
45 189
39 145
13 119
35 372
296 45
285 27
283 16
228 2
218 9
205 6
228 16
240 7
245 15
241 34
233 23
260 16
280 8
239 59
240 47
335 60
321 39
327 11
330 23
344 45
328 45
373 74
382 63
388 88
408 118
357 203
340 140
459 109
479 123
457 188
479 249
380 47
378 26
350 16
342 6
362 12
364 6
370 6
372 10
357 21
367 29
390 22
393 12
397 12
405 7
413 14
412 22
416 21
400 23
429 27
435 38
448 30
448 19
450 45
460 54
438 57
431 59
477 74
466 74
501 77
511 82
509 48
499 47
485 39
463 38
462 30
497 29
509 32
508 150
508 182
88 30
2 66
35 15
37 20
1 11
76 29
85 5
339 50
298 6
339 5
352 9
355 4
346 33
386 37
398 37
408 35
415 36
424 28
