186
306 367
256 334
334 316
346 294
388 324
130 362
133 320
170 294
71 290
153 285
9 103
4 146
10 164
17 166
16 182
38 180
40 157
21 141
24 91
28 98
36 85
50 101
57 112
57 215
69 199
85 141
104 161
102 124
109 103
112 116
112 193
112 179
102 218
140 250
171 172
219 211
146 155
142 148
133 126
120 126
144 104
157 115
161 110
166 107
168 129
178 155
206 166
259 180
272 168
280 183
279 175
305 180
304 147
322 154
332 191
364 190
355 185
337 140
323 128
387 154
369 145
407 191
423 193
433 201
431 150
408 180
498 176
459 160
441 147
423 134
416 136
406 138
400 143
395 122
404 121
376 103
382 106
327 119
404 106
409 109
423 91
430 93
447 98
424 118
448 136
467 144
463 134
464 117
450 115
63 85
54 78
42 77
71 88
112 98
414 123
509 133
66 64
28 73
26 67
35 69
51 70
60 73
85 64
74 58
79 59
117 65
146 76
157 79
153 92
162 98
167 95
176 96
185 95
178 82
177 75
168 64
147 61
36 80
93 43
88 43
82 40
53 49
33 44
39 44
42 45
45 45
51 44
49 48
57 49
55 44
64 49
65 55
59 56
68 56
81 30
78 30
67 37
73 39
24 34
28 37
48 40
77 50
31 39
33 39
37 41
38 42
39 43
79 53
75 51
89 57
40 39
42 39
45 39
45 41
38 36
134 60
127 55
130 52
131 54
124 52
161 61
137 42
123 42
139 52
165 58
171 60
167 48
167 52
176 67
34 28
29 28
165 63
312 125
280 70
277 65
261 66
357 80
9 94
159 46
371 195
460 151
202 239
200 239
444 118
467 125
443 129
