81
50 337
42 296
27 271
35 238
200 175
248 158
350 212
392 178
449 196
462 158
493 209
329 169
299 141
272 108
213 133
156 121
126 145
132 98
43 229
31 202
41 173
23 162
45 154
20 105
193 66
185 61
178 46
218 31
244 34
272 35
298 28
322 33
314 27
340 20
340 43
262 14
271 4
248 13
207 16
173 28
169 9
185 9
202 9
1 80
13 74
15 51
41 57
7 33
21 38
35 37
50 33
72 32
42 32
35 16
51 19
69 15
92 17
92 62
114 53
124 53
73 1
69 7
123 12
136 19
143 2
166 1
185 1
216 4
301 169
26 6
27 26
37 2
33 4
43 10
234 1
364 17
436 36
430 33
464 40
488 42
348 11
