161
10 504
143 434
211 396
182 351
149 323
215 307
181 276
213 267
321 241
258 226
283 196
271 165
241 149
249 131
215 115
188 141
181 166
151 167
169 192
134 208
111 231
38 247
23 229
7 257
61 279
28 382
344 430
418 423
457 551
611 554
730 399
638 277
527 303
437 265
402 194
357 186
359 173
321 155
317 95
287 131
294 155
340 99
358 115
371 113
423 150
432 115
489 160
515 168
485 107
472 117
485 88
470 87
435 82
420 63
438 55
448 40
550 63
526 63
499 72
592 41
570 28
565 44
703 170
731 178
762 281
708 105
694 123
708 79
702 57
674 79
743 57
762 88
763 57
754 28
764 17
736 31
718 37
714 29
641 41
636 32
612 16
589 8
515 8
530 28
483 6
485 48
669 55
693 49
748 119
700 13
549 11
463 10
466 62
461 46
476 85
450 102
443 72
535 82
528 98
734 50
580 7
519 39
144 146
178 93
205 79
264 116
302 113
326 124
289 297
369 308
367 227
414 222
490 143
436 136
463 145
382 143
396 118
415 132
415 111
580 55
592 56
607 34
596 30
558 90
429 88
490 64
526 47
535 30
543 26
560 21
483 73
573 164
589 152
578 109
605 123
640 104
608 84
623 81
650 83
529 130
503 123
539 2
552 2
569 6
631 5
626 18
645 13
659 9
666 6
670 24
693 80
733 79
684 32
697 31
485 23
509 24
488 37
479 36
565 248
607 202
645 236
