153
120 481
156 380
475 502
540 535
610 380
553 294
725 332
728 282
759 256
652 229
617 206
598 189
506 200
486 198
464 170
420 139
377 138
356 146
383 171
390 166
388 195
396 227
314 172
241 178
232 235
237 258
211 201
202 141
182 128
195 112
217 123
271 126
320 115
306 112
105 155
93 163
83 168
7 159
14 193
1 207
8 96
16 98
24 108
31 88
41 89
49 89
60 87
65 85
72 88
92 78
67 107
57 105
160 86
161 68
159 63
156 59
169 61
171 70
176 71
183 64
195 75
195 60
194 53
200 56
204 59
212 67
216 58
231 76
242 72
224 51
232 54
233 59
237 65
228 72
238 54
244 51
252 58
254 63
254 71
264 55
257 48
264 46
273 52
278 52
281 51
285 52
288 49
291 52
299 67
278 85
300 85
317 44
329 47
333 36
338 42
342 38
349 34
349 36
357 35
359 48
366 35
369 25
373 25
383 33
386 29
381 24
392 25
393 32
374 62
380 63
343 86
611 26
591 36
579 23
619 49
640 73
626 92
616 92
602 92
630 118
641 123
683 97
697 72
732 102
533 70
565 79
568 85
572 1
520 3
515 6
514 12
507 7
509 3
504 6
503 14
498 73
427 111
436 91
422 76
487 66
487 87
477 50
459 46
459 56
434 56
417 50
401 22
402 26
419 24
446 22
494 18
491 15
485 19
