115
29 382
82 359
426 367
409 339
391 310
350 376
281 370
290 343
318 347
479 228
477 216
441 250
222 287
180 309
151 308
126 301
141 306
115 299
144 279
149 287
152 270
170 259
179 254
188 267
190 255
211 262
195 252
206 247
219 245
215 237
228 229
233 243
225 255
240 249
247 244
243 235
252 235
255 236
270 241
288 241
295 232
289 229
300 222
304 228
300 231
309 224
315 227
323 222
339 230
346 244
363 228
363 223
397 223
404 225
110 278
106 264
94 268
96 262
114 249
114 244
121 247
124 244
130 247
135 238
143 235
150 238
166 227
161 225
171 237
182 243
89 250
93 256
96 251
81 263
81 256
71 262
71 281
56 257
63 250
65 253
68 257
63 243
68 243
53 248
43 257
35 258
53 272
54 265
46 281
26 288
28 280
32 274
19 273
22 257
15 258
26 254
30 249
21 263
25 265
20 267
15 266
16 291
39 277
3 279
5 266
8 256
13 247
18 255
6 250
57 246
45 254
69 275
81 272
5 280
124 231
