167
60 429
42 386
63 357
85 332
176 329
132 252
361 342
422 355
473 552
478 399
686 459
471 273
655 264
726 288
653 212
583 153
147 216
178 228
217 224
217 202
277 162
144 183
174 168
198 164
212 132
260 147
259 200
161 99
182 95
147 83
147 71
134 61
140 44
166 44
186 66
93 46
100 57
70 59
75 49
51 50
54 69
42 62
12 57
21 81
29 86
217 48
235 76
279 50
255 59
262 46
243 46
302 50
326 45
349 41
362 43
336 74
377 72
373 62
17 26
42 20
182 1
190 37
214 36
201 29
221 20
235 8
250 6
255 3
270 7
233 21
226 42
233 36
251 35
267 31
290 28
305 33
306 28
320 24
348 22
344 8
342 1
316 8
292 7
375 5
388 9
199 8
197 40
248 18
256 12
271 19
271 38
154 69
729 218
705 140
655 151
723 91
747 88
745 49
727 36
745 32
739 10
762 32
681 50
654 43
608 85
621 65
639 48
690 27
766 41
726 17
706 18
711 8
697 4
698 21
676 28
677 5
668 2
670 14
642 13
639 2
624 7
617 21
630 18
617 2
597 6
588 13
578 32
582 59
618 56
654 3
615 12
399 124
418 116
420 67
469 62
537 63
513 67
534 34
520 36
529 15
526 5
552 8
563 17
449 51
482 40
502 36
484 20
509 3
482 9
474 25
472 1
433 12
427 35
447 33
399 37
418 10
394 2
421 33
498 2
132 226
130 69
215 1
259 4
300 38
617 130
579 5
758 14
