103
4 48
22 45
40 46
12 28
3 21
1 12
22 19
24 11
34 12
54 9
76 45
71 4
170 97
181 34
197 29
161 28
137 26
132 32
117 28
102 34
96 47
221 10
228 9
223 18
228 22
237 23
244 21
229 32
245 16
250 12
243 11
259 11
271 8
295 21
294 13
303 11
308 16
310 10
320 15
331 11
320 7
355 12
364 17
370 33
385 32
382 23
380 7
388 4
428 1
448 5
458 7
467 14
483 13
488 23
492 20
513 19
530 25
529 13
516 4
539 11
554 13
551 32
585 13
604 18
609 15
620 5
605 6
643 15
653 10
658 7
671 7
692 14
665 24
724 26
719 11
729 24
739 12
756 45
630 55
672 64
218 233
216 180
278 123
269 94
269 82
277 47
316 76
301 103
333 107
363 92
401 90
403 110
444 73
470 82
555 71
545 59
579 49
215 122
260 115
437 141
473 104
480 158
645 62
