151
315 382
104 249
3 215
10 217
1 197
18 191
18 178
34 184
37 193
41 187
48 191
14 161
21 152
26 151
31 151
35 161
30 168
15 179
1 191
1 179
44 184
43 193
43 207
60 152
42 151
37 151
67 151
72 151
79 151
99 152
104 152
115 155
110 162
106 173
100 164
117 176
126 167
120 163
130 161
136 160
138 153
143 161
143 157
133 168
157 169
162 168
167 150
186 158
191 156
194 172
201 176
211 166
189 179
169 186
157 185
153 185
162 206
183 199
169 211
144 232
125 246
127 228
198 232
194 216
212 222
222 213
200 208
188 200
195 187
206 189
214 175
227 178
236 201
64 150
241 211
245 207
247 201
258 183
265 193
260 201
268 206
256 211
249 213
250 206
269 211
273 216
279 210
253 221
295 212
288 211
279 196
279 186
292 195
301 202
304 216
326 217
318 211
314 199
309 184
310 178
324 174
326 170
344 158
358 161
377 163
369 178
365 173
357 176
352 178
344 182
335 185
333 179
366 216
351 216
338 216
327 208
322 199
336 244
364 245
378 230
334 212
332 162
342 161
240 204
185 183
392 159
419 170
417 180
386 181
498 146
502 153
511 154
510 142
453 188
448 197
442 196
428 176
424 204
421 210
421 225
425 235
458 222
470 231
481 225
500 221
491 207
487 205
491 192
501 188
506 188
503 255
