130
27 379
214 349
497 323
465 301
475 339
440 327
470 267
455 261
429 253
421 247
468 222
461 207
453 192
467 177
450 169
441 155
441 131
441 122
458 69
417 69
372 134
344 186
352 221
278 309
259 240
193 197
160 196
200 177
143 165
89 300
23 275
46 206
8 189
3 169
68 145
50 127
86 103
5 116
28 104
54 73
82 87
121 102
124 119
130 131
135 45
131 27
112 27
108 21
81 23
81 55
95 48
87 36
59 42
48 25
56 19
42 19
35 34
43 42
23 40
12 43
18 25
16 4
1 1
7 4
146 13
161 6
157 1
166 8
170 17
195 40
196 23
200 14
192 7
183 3
205 3
176 1
221 14
223 7
230 6
240 9
256 6
260 8
253 69
188 73
261 113
258 87
260 173
250 173
251 199
225 214
263 211
263 23
291 170
278 97
268 86
332 93
324 89
404 65
395 62
403 54
405 44
352 47
344 62
313 20
306 20
271 14
287 28
316 14
336 13
340 15
349 27
352 32
358 32
372 36
388 24
384 19
387 19
373 19
399 51
429 117
428 98
447 142
452 230
251 113
245 131
263 124
185 110
265 99
380 33
434 144
