264
435 502
420 443
253 370
236 287
187 302
665 382
591 220
629 213
416 208
413 180
78 186
2 161
7 163
1 148
13 143
13 133
26 138
28 145
31 140
36 143
11 120
16 114
20 113
23 113
26 120
23 126
11 134
1 143
1 134
33 138
32 145
32 155
45 114
31 113
28 113
50 113
54 113
59 113
74 114
78 114
86 116
82 122
79 129
75 123
88 132
94 125
90 122
97 121
102 120
103 115
107 121
107 118
100 126
117 127
121 126
125 112
140 118
143 117
145 129
150 132
158 124
141 134
126 139
117 139
115 139
121 154
137 149
127 158
108 174
94 184
95 171
148 174
145 162
159 167
166 159
150 156
141 150
146 140
154 142
160 131
170 133
177 150
48 112
180 158
183 155
185 150
193 137
199 144
195 150
201 154
192 158
186 160
187 155
202 158
204 162
209 157
190 165
221 159
216 158
209 147
209 139
219 146
226 151
228 162
245 163
238 158
235 149
231 138
232 134
243 131
245 128
258 118
268 121
283 122
277 134
274 130
268 132
264 133
258 136
251 139
250 134
274 162
263 162
253 162
245 156
241 149
252 183
273 184
284 173
250 159
249 122
257 120
180 153
139 137
294 119
314 127
313 135
289 136
373 109
376 114
383 115
383 107
392 107
340 141
336 148
332 147
321 132
318 153
316 158
316 168
319 176
344 167
352 173
361 169
375 166
368 155
365 154
368 144
376 141
379 141
392 164
391 172
404 176
434 169
421 154
432 157
429 157
427 149
425 144
419 149
423 143
436 136
437 121
443 119
447 125
452 137
442 136
450 148
437 149
445 164
452 166
463 143
444 181
460 182
479 174
511 177
529 176
377 191
593 185
568 184
553 183
537 172
577 157
588 158
584 154
581 151
591 151
597 151
602 151
602 143
608 139
615 154
629 152
614 183
641 183
644 165
636 160
641 159
650 157
652 153
657 140
642 124
630 131
626 133
647 127
689 123
686 131
674 120
670 122
694 153
689 157
683 163
668 162
667 176
678 180
681 187
711 182
708 176
701 170
713 171
714 162
711 155
708 157
717 152
724 147
721 161
724 175
740 163
734 156
731 241
740 155
747 153
746 148
756 163
752 158
752 152
759 151
753 145
761 140
685 128
757 140
745 159
726 168
730 287
756 274
766 167
763 148
761 144
767 143
676 140
638 152
637 155
667 155
417 175
