108
276 294
327 284
43 278
39 240
11 142
11 219
10 229
27 234
67 225
49 205
64 210
60 210
58 199
55 192
47 198
52 191
70 182
71 162
79 158
84 167
91 182
78 182
88 197
71 198
82 219
91 222
106 191
80 242
102 243
127 233
169 236
193 235
279 246
246 245
225 245
204 229
258 209
272 210
267 206
263 202
277 202
284 201
291 202
290 191
299 186
309 206
327 202
307 244
343 244
347 220
337 213
342 212
354 210
358 205
364 187
345 165
328 174
323 178
350 169
406 164
403 175
387 160
381 163
414 205
406 210
399 217
379 217
377 235
392 240
396 249
436 243
432 235
423 227
438 228
441 216
436 207
432 210
444 203
453 196
450 214
453 234
475 217
467 208
462 321
474 207
484 204
483 197
496 217
491 211
491 203
501 201
492 193
503 187
401 171
498 186
481 212
456 224
462 383
496 366
509 223
505 198
503 193
511 191
389 187
339 202
338 207
377 207
44 233
