154
42 476
66 327
339 334
268 425
434 412
721 280
705 253
758 241
458 152
314 157
242 175
206 157
2 91
18 102
29 126
14 150
123 72
142 75
139 88
115 117
191 90
212 66
229 71
256 48
238 100
260 101
242 125
301 116
340 100
309 88
290 87
289 44
305 44
299 62
290 66
328 19
341 17
344 34
350 36
338 35
345 25
356 51
376 53
364 71
344 73
389 49
393 57
396 65
421 63
418 56
426 47
455 65
463 58
484 60
486 43
549 68
566 62
390 17
398 16
400 27
410 24
405 8
413 9
426 18
432 17
439 26
445 24
456 24
466 36
461 34
470 33
495 24
497 18
487 21
483 20
470 19
468 15
459 15
451 12
453 7
439 9
432 5
424 6
461 7
469 8
481 6
492 10
497 7
501 12
505 20
505 27
513 22
524 22
534 25
529 16
524 11
513 11
506 7
509 6
522 4
518 5
527 5
536 11
538 6
545 6
547 11
548 8
553 13
556 9
542 18
542 11
547 26
555 22
559 21
565 22
573 23
572 19
570 16
565 5
557 5
584 14
587 20
593 25
596 22
593 14
587 10
584 7
580 4
590 7
602 6
605 9
613 12
614 26
492 3
497 2
519 10
538 3
546 4
476 2
484 3
481 2
461 2
456 2
426 2
443 3
437 1
446 1
553 3
560 4
598 5
571 7
570 2
124 501
559 14
