70
404 379
115 318
125 273
40 320
34 292
23 275
22 221
17 193
54 227
44 213
177 285
209 256
246 256
241 281
240 303
250 341
314 272
295 256
281 224
309 228
340 240
372 260
394 271
427 299
431 258
470 250
483 296
483 237
428 210
396 233
403 203
386 179
353 218
359 240
338 204
336 190
319 204
301 158
279 193
265 200
269 211
183 204
193 180
174 180
121 202
95 200
119 258
76 142
94 138
123 129
172 132
253 163
219 178
425 151
446 195
481 202
477 194
473 174
489 171
439 126
326 108
357 110
380 104
449 97
467 93
502 144
505 113
503 96
452 203
433 105
