300
72 491
308 391
417 565
509 480
663 418
736 566
287 337
126 235
158 219
96 156
81 123
201 142
230 104
266 139
302 214
314 266
351 263
335 212
380 246
420 178
446 173
488 168
426 128
517 310
564 282
596 273
701 280
735 311
624 214
614 139
634 140
672 167
684 176
714 209
737 195
765 184
743 161
757 151
734 141
753 136
763 127
672 120
649 111
581 115
707 114
740 98
752 91
750 64
733 63
15 70
1 66
18 57
33 62
55 42
101 82
99 70
12 14
7 5
3 2
17 9
24 7
33 7
35 1
49 13
55 11
57 1
82 12
67 4
22 4
92 10
92 1
78 1
83 1
87 1
97 2
102 1
105 16
115 33
133 40
121 13
116 1
128 4
122 8
134 14
156 25
152 20
134 3
139 4
144 10
151 13
147 14
148 5
124 1
120 1
156 6
159 2
155 10
169 15
177 5
173 1
169 1
183 15
188 9
199 7
204 17
200 27
197 23
215 38
225 27
227 16
211 18
208 10
215 10
214 1
233 12
236 39
251 28
255 27
258 57
266 46
281 74
295 107
309 122
316 97
304 87
307 63
320 62
323 64
328 70
353 94
360 62
374 60
384 65
374 48
351 30
352 22
364 35
370 33
322 40
338 50
301 42
297 36
288 29
271 30
264 27
255 10
248 16
263 3
280 5
276 3
273 8
269 20
286 8
285 5
290 4
296 3
303 5
312 12
314 6
320 8
324 4
327 10
334 7
336 3
329 1
343 5
346 4
349 5
353 6
358 8
347 26
364 9
363 1
373 5
367 5
374 13
220 1
230 2
236 1
253 1
268 4
303 26
305 25
315 28
319 27
326 33
327 27
332 26
323 27
393 42
404 56
398 76
413 73
404 41
422 57
451 59
458 73
415 34
417 8
421 15
427 9
426 5
432 6
435 3
432 1
428 41
437 42
441 36
434 33
446 46
455 53
462 48
459 39
472 26
473 39
474 51
488 61
482 48
489 42
493 41
502 50
495 56
503 66
509 42
503 26
502 18
512 25
509 23
524 27
502 1
514 1
527 2
536 10
539 1
527 22
537 27
528 51
540 34
551 73
541 63
546 49
553 46
559 51
558 34
549 22
554 24
563 34
574 34
571 67
587 68
585 80
583 58
593 60
600 59
610 55
623 55
583 40
565 24
571 24
581 26
588 34
583 30
594 29
602 31
605 29
601 24
606 18
582 14
573 1
595 7
603 10
613 8
619 21
631 10
644 13
636 21
638 27
644 29
650 28
650 22
659 31
657 39
662 42
675 26
694 13
663 93
655 96
672 81
689 99
696 90
587 28
716 38
718 24
732 30
742 45
740 54
747 40
753 35
708 15
697 16
