210
193 293
161 262
176 203
150 195
130 169
188 161
199 153
220 146
279 300
300 234
318 246
322 210
224 237
351 271
431 232
379 195
398 176
354 173
379 104
328 108
295 117
277 113
240 100
180 136
167 129
13 97
42 117
52 91
426 152
442 147
487 180
461 159
444 183
502 140
480 122
408 100
431 84
416 70
396 84
370 70
346 61
335 59
322 54
305 70
302 66
294 63
267 70
267 62
91 71
56 72
71 67
127 85
138 87
150 86
161 80
153 80
144 72
140 56
119 54
93 44
75 38
76 32
85 30
69 34
62 38
83 47
88 56
78 56
78 79
67 86
66 78
173 68
178 70
168 79
187 83
176 95
159 97
162 108
217 73
230 71
227 70
204 68
215 67
215 27
214 23
222 25
223 40
232 30
234 26
243 31
248 34
252 29
289 28
299 28
302 30
294 33
295 43
304 39
307 46
280 56
189 75
241 68
242 56
159 58
173 25
176 20
182 21
97 23
107 25
104 24
300 63
327 39
325 29
330 32
374 16
383 12
378 31
376 22
373 22
371 26
345 26
369 30
376 53
395 54
411 64
382 61
503 78
495 60
490 70
476 69
482 62
488 56
481 45
505 44
494 27
496 22
473 19
457 28
459 21
466 17
450 14
450 27
438 32
432 29
438 26
432 23
429 22
430 14
435 14
425 24
416 22
416 33
423 47
413 44
437 40
452 50
454 39
464 48
504 24
507 18
504 19
501 20
508 69
511 54
458 58
467 59
444 59
439 59
423 53
402 58
439 71
454 80
356 121
369 234
283 235
257 70
165 30
162 26
163 20
208 28
200 27
218 31
218 25
133 70
1 40
1 34
47 35
53 32
4 69
8 116
227 62
217 63
349 30
358 28
359 56
365 18
306 24
352 81
352 75
419 83
152 134
466 26
448 18
460 43
443 44
497 52
490 43
486 27
490 26
492 18
