108
347 468
328 568
289 319
210 124
213 115
196 96
220 101
213 81
244 61
276 51
293 54
307 77
313 58
330 70
337 92
342 113
324 129
367 101
350 162
389 146
407 142
406 167
414 113
429 91
479 120
508 173
749 98
741 66
761 2
645 101
630 109
504 102
510 67
477 67
445 67
435 64
451 58
421 41
411 37
376 20
354 41
336 31
332 22
319 33
291 24
285 31
256 44
233 45
203 48
169 65
126 49
106 48
87 51
196 22
208 25
210 39
232 28
255 25
254 9
268 19
275 16
116 9
97 17
75 14
65 14
121 6
137 1
161 22
183 16
193 11
189 5
201 9
209 9
219 4
205 1
226 4
230 15
227 28
283 5
269 1
259 2
303 1
328 29
345 16
399 16
482 27
504 30
507 22
517 4
550 17
557 19
574 18
445 85
740 263
582 163
573 110
541 114
227 202
218 172
220 146
330 2
129 10
154 61
405 5
420 12
350 19
635 160
762 226
