92
497 331
464 347
468 318
391 374
371 339
259 371
235 364
266 341
482 297
451 260
75 244
99 234
114 250
135 238
137 241
168 229
182 239
187 239
208 228
107 219
117 216
111 213
89 199
101 188
156 184
150 194
165 194
100 174
107 178
175 191
156 213
242 202
233 200
229 198
219 198
218 200
223 206
228 205
296 199
302 192
324 188
276 183
268 181
266 180
263 171
286 178
292 177
296 175
262 266
255 261
250 269
285 257
331 252
323 249
363 244
389 240
404 243
416 231
432 249
350 246
495 212
466 206
473 207
458 180
455 177
448 171
451 168
456 166
454 154
450 153
465 149
465 157
476 164
468 168
471 152
475 152
481 153
485 150
493 147
497 153
496 163
491 170
503 169
511 166
389 355
97 338
155 179
135 187
134 176
91 194
110 195
99 180
