302
595 222
613 220
640 160
616 159
621 131
621 115
611 113
630 113
642 113
550 154
532 147
553 137
501 140
434 153
418 150
323 166
277 173
224 198
188 194
183 211
111 175
96 156
89 148
204 157
225 164
243 154
282 153
238 140
230 140
267 147
278 146
296 117
294 105
256 113
417 144
407 128
386 122
405 110
425 100
7 74
16 73
18 76
21 78
6 81
34 86
32 98
40 96
23 106
15 129
55 96
59 94
59 99
62 101
81 94
89 94
98 97
115 99
123 89
117 95
112 77
129 89
121 84
103 71
109 70
115 71
119 70
126 73
139 73
134 75
152 86
139 92
154 96
158 88
165 97
159 109
160 113
176 86
181 86
187 107
202 114
208 111
215 104
224 99
228 103
246 96
241 96
241 83
257 104
267 106
272 101
280 102
295 97
304 101
300 81
305 82
311 76
292 75
294 70
287 73
276 74
274 93
265 80
266 75
262 73
254 76
255 73
246 74
299 90
300 77
295 56
290 59
287 61
279 58
274 58
280 57
270 65
271 62
269 59
266 63
258 66
266 61
277 58
283 58
308 56
346 65
351 64
342 73
352 69
343 68
364 66
364 72
361 74
374 61
382 65
386 61
390 61
387 54
392 64
389 66
396 68
392 75
381 76
379 81
392 86
390 90
385 68
407 76
415 77
413 64
401 66
414 62
421 62
425 58
429 61
435 61
448 61
453 58
466 54
470 49
472 48
472 56
477 59
483 54
486 53
471 68
465 67
476 99
507 102
522 100
510 65
506 64
509 57
499 55
503 55
497 56
497 48
499 46
504 49
510 49
511 45
515 52
518 48
525 53
527 52
523 66
529 75
615 93
631 91
581 91
581 84
577 79
574 75
560 91
533 86
537 71
543 60
535 62
530 55
537 52
540 48
550 48
548 52
554 47
575 60
582 62
583 58
592 52
600 62
584 70
610 70
625 71
628 68
625 62
639 65
651 62
640 54
632 51
623 50
614 49
659 48
652 48
696 60
669 58
692 50
702 52
701 56
705 44
705 64
709 60
707 72
690 84
686 43
513 52
529 65
522 32
526 30
529 31
529 29
517 31
519 31
514 32
532 30
766 84
767 69
766 43
766 38
762 40
754 56
755 52
754 41
738 61
740 57
732 52
718 34
722 28
732 30
739 32
707 34
704 29
701 35
697 33
690 44
696 47
699 47
694 45
692 33
607 55
605 44
608 42
613 43
616 37
619 41
639 23
645 26
610 24
613 23
714 25
717 23
741 23
726 40
729 43
611 137
431 79
429 71
437 74
440 55
238 196
534 48
523 48
608 24
609 33
610 43
665 56
726 30
735 29
737 27
732 40
641 45
734 58
720 43
717 43
701 44
