82
96 241
167 185
129 139
46 121
62 101
50 137
9 137
356 232
391 227
346 148
379 139
362 116
439 97
472 82
291 106
230 118
239 181
282 38
285 55
248 44
206 59
189 53
159 64
170 39
22 8
4 32
24 85
105 70
105 49
108 97
174 101
3 196
192 157
63 48
22 45
9 53
41 55
132 63
142 68
147 88
188 64
5 80
27 73
45 87
56 88
37 172
83 159
105 115
150 154
156 244
239 56
263 48
257 62
300 55
374 77
204 131
43 32
56 41
74 19
85 35
113 36
122 36
116 20
132 76
115 4
1 94
1 308
334 309
360 258
364 89
350 83
268 146
388 61
385 114
412 217
439 359
274 87
281 73
321 68
217 77
236 66
209 97
