80
62 395
47 347
162 294
131 277
77 240
54 229
74 204
139 219
119 179
10 314
288 182
290 93
231 143
250 107
358 113
392 86
290 58
97 153
114 158
133 127
151 118
122 106
107 98
141 105
143 88
130 83
119 83
97 80
97 67
105 21
105 11
97 4
121 9
123 20
132 13
148 63
170 58
167 32
189 61
203 52
187 43
196 38
201 31
184 18
194 18
158 15
167 22
176 14
271 37
254 5
225 16
227 40
217 37
210 31
210 22
213 15
217 23
109 3
546 10
682 67
676 29
698 35
745 37
465 56
427 38
407 32
384 35
417 13
458 29
482 19
449 7
425 6
415 2
484 5
456 7
340 36
358 28
376 35
315 33
286 1
