301
39 412
164 348
69 309
84 306
52 308
250 309
227 291
216 284
200 282
178 278
182 307
232 259
247 265
193 272
156 274
127 268
119 250
104 266
92 258
112 265
100 222
64 257
46 261
59 245
42 240
16 242
43 252
17 234
8 234
134 219
144 220
144 203
166 218
169 278
150 186
140 189
133 191
127 190
153 180
189 194
206 214
219 220
221 201
231 221
216 186
222 185
214 180
210 181
198 181
186 173
188 182
248 187
240 183
260 212
269 211
256 213
245 238
286 212
299 212
314 209
310 203
313 198
301 202
296 202
327 217
331 211
339 209
315 253
303 245
352 224
364 224
361 212
377 210
387 208
394 203
392 192
393 186
379 189
375 188
373 180
359 184
361 181
357 179
325 173
330 175
367 173
412 181
412 177
420 190
415 183
426 186
429 196
434 186
440 184
453 184
423 172
461 189
432 207
423 209
422 219
415 229
398 225
390 229
433 248
432 258
445 230
464 230
456 222
462 222
461 212
469 214
475 216
491 197
495 191
500 191
346 247
340 267
360 276
396 295
427 288
484 163
500 168
492 171
415 175
395 180
505 172
508 174
509 169
518 169
520 180
508 180
504 180
508 187
504 187
513 185
505 195
509 206
521 205
532 207
538 210
540 197
541 184
548 199
558 213
561 193
554 192
552 188
563 179
597 157
652 145
648 155
766 140
762 144
757 143
756 147
752 149
749 143
747 141
746 143
747 146
743 146
743 144
742 143
739 143
739 148
743 148
735 146
733 146
725 148
723 145
718 145
714 145
713 143
711 143
711 147
713 149
709 149
704 144
702 143
713 155
719 155
723 149
726 152
727 154
723 158
729 157
734 155
735 152
747 166
756 152
753 151
763 148
765 151
766 154
763 152
761 151
753 173
743 176
740 179
737 169
726 168
728 165
720 167
712 170
711 163
709 158
705 157
702 161
702 164
708 168
702 174
699 157
694 160
697 143
693 168
689 171
687 165
683 169
683 175
678 173
677 168
675 172
682 145
667 170
665 166
672 155
671 144
673 143
669 145
668 146
666 153
663 186
673 192
681 181
687 189
690 182
697 184
702 191
739 205
741 214
758 189
760 187
762 205
723 226
683 229
684 244
613 204
622 188
628 190
629 195
642 186
647 176
646 170
633 165
622 169
619 176
634 176
612 185
608 187
603 184
603 173
598 187
603 194
593 205
582 204
586 188
592 182
593 175
586 257
605 257
604 271
571 191
574 181
763 257
707 312
587 317
537 288
513 295
514 315
478 276
465 324
767 340
718 361
658 374
547 460
514 425
435 343
377 330
311 313
325 320
529 185
439 210
679 143
666 144
671 160
734 171
714 225
709 218
765 149
658 173
667 240
