206
510 368
391 315
323 332
278 324
178 349
75 294
21 373
5 318
35 237
167 222
499 219
439 154
462 147
471 117
501 112
401 195
373 156
297 168
306 152
209 130
24 127
12 125
14 107
17 82
9 79
37 89
28 81
32 110
45 109
66 125
82 121
85 148
115 142
113 127
104 113
117 105
94 100
104 86
92 83
75 103
151 114
149 94
160 75
180 70
186 99
225 122
240 104
255 114
328 104
1 49
16 52
17 44
24 44
16 35
10 32
21 26
15 69
25 71
34 61
43 54
35 47
41 42
55 40
60 49
67 39
75 42
83 39
90 49
91 57
93 67
80 72
80 63
114 62
104 53
115 51
117 44
125 46
138 57
101 40
6 11
2 26
15 12
14 23
20 12
13 16
16 4
25 1
36 11
27 11
32 1
40 2
37 3
52 2
48 5
60 1
70 2
94 3
114 5
117 1
119 1
116 14
118 23
110 19
128 6
140 10
136 2
151 23
170 5
181 6
184 11
177 24
173 47
162 53
150 67
158 61
167 64
168 75
196 39
201 32
192 49
197 62
210 63
214 55
228 46
221 20
213 24
187 20
250 44
244 43
212 6
364 9
356 20
362 26
364 33
341 35
348 49
363 51
326 46
312 46
318 37
366 81
368 89
368 100
351 95
393 97
406 96
404 103
414 88
396 78
395 67
392 63
402 63
384 52
382 37
390 37
401 45
413 27
422 42
427 40
436 25
444 22
451 17
463 6
481 27
489 32
490 43
498 48
482 43
509 25
468 42
467 34
468 49
450 60
439 72
427 68
446 106
445 95
479 90
500 82
485 70
501 73
500 63
506 49
30 28
49 18
140 39
152 2
111 80
118 80
74 65
49 80
52 70
46 70
66 82
3 63
139 75
254 49
257 46
330 184
412 53
481 59
323 131
349 113
264 125
292 141
175 109
