576
60 363
145 350
334 321
332 284
403 307
643 511
652 489
604 321
658 232
765 166
719 196
703 163
751 138
662 109
623 122
600 107
575 104
584 122
563 185
530 179
524 167
474 124
466 121
405 118
391 107
375 98
362 91
334 133
288 163
191 131
148 140
11 174
64 182
65 154
74 149
95 140
124 136
126 126
137 138
124 119
15 129
23 126
34 126
50 114
62 110
77 81
96 101
89 103
102 98
108 98
115 103
139 60
169 80
171 60
173 91
191 85
194 78
201 69
195 55
187 68
180 75
143 29
132 27
130 24
118 38
119 29
119 24
111 25
115 16
102 22
93 21
81 28
81 23
75 22
61 24
55 27
53 37
56 41
43 37
44 52
30 26
27 39
23 38
5 59
139 19
144 18
142 14
149 27
155 20
158 25
167 23
168 19
170 14
174 14
188 19
193 19
193 15
215 16
183 26
191 9
208 8
211 8
216 7
223 5
224 2
230 6
231 11
225 17
222 17
239 36
240 31
242 18
241 12
243 6
241 5
249 6
249 10
257 14
252 4
258 4
255 5
263 2
263 7
270 15
269 11
268 9
274 7
277 7
276 4
283 8
281 3
284 1
287 4
294 4
295 8
298 3
300 8
302 11
291 21
290 14
277 25
287 24
290 25
314 2
310 8
313 11
317 11
319 4
318 16
317 22
306 16
316 27
321 22
307 29
303 31
295 36
295 10
304 40
286 32
266 32
262 28
255 26
246 32
249 39
250 45
255 47
251 36
261 62
263 54
269 50
270 43
275 39
291 54
283 45
290 45
311 52
314 55
319 49
295 84
278 80
238 46
232 43
224 45
220 45
227 59
221 63
212 64
215 62
224 85
224 77
234 86
239 76
249 86
241 65
240 53
250 54
460 95
460 83
461 79
452 80
434 68
433 59
435 55
422 57
435 47
427 48
444 35
439 33
452 31
465 35
461 32
467 29
460 26
466 43
479 49
477 70
467 67
480 91
478 56
474 28
479 27
477 21
480 17
477 15
480 10
478 5
479 3
473 13
475 10
473 7
473 3
470 8
475 18
472 25
470 19
465 23
461 19
469 16
468 10
465 11
462 14
459 11
467 6
469 3
468 1
465 3
460 2
454 7
455 2
453 1
452 12
450 9
453 17
451 22
445 18
447 27
440 25
435 26
431 32
409 79
385 79
384 69
383 62
383 55
365 63
357 67
340 102
330 109
326 90
335 59
330 55
326 45
336 36
334 20
337 25
342 30
343 45
352 37
359 39
360 50
374 37
366 37
375 32
375 28
373 24
365 26
366 21
359 21
355 28
350 31
346 27
348 19
343 19
339 18
340 21
338 15
333 14
406 52
395 61
400 44
386 37
384 26
389 26
401 32
407 31
408 26
412 27
414 22
412 20
405 24
402 19
399 22
393 19
385 18
375 19
377 13
373 12
369 12
364 12
362 9
357 14
356 12
348 10
346 7
339 11
336 8
331 5
328 5
326 5
324 11
326 17
336 3
332 2
342 3
355 7
354 4
357 3
360 3
362 1
365 1
365 6
371 3
367 5
375 7
379 7
378 1
384 2
383 4
389 3
385 12
395 11
392 13
394 7
393 2
401 3
398 3
399 8
404 6
408 9
408 8
414 11
414 8
419 11
418 17
416 13
424 19
418 23
427 21
432 17
426 12
430 7
424 3
421 6
420 5
420 2
411 1
406 1
431 1
433 1
430 3
443 1
438 1
440 5
438 10
445 8
445 21
437 16
437 10
433 11
444 24
487 32
488 23
484 20
485 15
490 16
492 21
497 11
499 9
493 2
489 1
486 3
483 6
481 3
486 8
486 5
489 10
486 12
508 1
507 1
492 7
491 4
501 2
497 3
510 36
504 33
497 36
491 35
493 46
485 41
480 40
519 54
492 74
493 86
487 90
513 90
522 84
540 68
540 95
552 54
544 50
538 43
535 43
526 41
524 46
521 45
522 35
536 34
537 27
546 28
545 36
561 35
558 33
574 29
579 45
581 38
584 39
590 26
587 58
601 51
602 31
609 39
598 38
611 46
622 49
618 57
611 55
617 66
623 65
638 81
640 97
603 96
634 41
627 36
629 31
631 26
619 28
618 25
637 31
635 35
639 28
644 32
652 30
659 32
667 28
671 35
667 32
667 41
663 39
653 38
647 40
646 45
673 53
667 50
655 57
659 52
650 58
647 52
627 42
682 45
699 43
693 45
688 51
699 57
691 54
714 50
708 50
721 51
702 66
695 89
704 88
705 102
718 79
735 58
742 59
745 71
754 79
760 70
763 54
763 48
753 48
733 47
767 60
767 50
764 91
766 102
737 106
720 113
661 89
653 72
677 69
673 63
676 41
544 379
126 67
61 71
54 22
57 22
111 41
180 19
174 20
211 81
216 78
239 143
199 10
200 9
213 6
217 3
216 2
218 6
220 5
215 11
246 3
259 52
295 19
279 20
282 18
273 18
271 11
266 4
248 14
276 1
289 5
302 6
300 17
310 1
308 4
322 6
308 21
305 20
332 16
353 13
346 12
350 5
351 2
251 51
381 2
384 10
387 8
380 10
352 20
349 13
330 20
338 6
341 3
321 16
350 88
