90
3 167
6 167
4 159
8 183
12 183
24 179
30 188
35 178
44 174
39 167
39 159
57 164
138 119
139 104
136 163
131 171
120 167
101 178
88 177
134 183
142 177
135 173
150 185
144 246
113 248
60 230
67 219
54 209
171 119
187 101
203 104
207 104
221 168
193 170
171 182
256 121
257 106
248 108
269 126
371 99
373 94
377 88
371 90
394 95
400 97
403 97
413 98
391 128
323 112
339 145
414 132
365 151
329 151
306 157
279 158
272 157
264 153
255 151
281 170
430 95
448 103
459 98
456 106
461 115
469 115
500 103
505 124
510 106
463 94
452 139
440 125
428 127
423 159
467 160
481 164
505 239
248 234
274 298
323 312
366 342
80 324
45 337
24 317
279 222
426 95
437 96
374 121
307 100
366 97
343 115
