80
497 118
505 112
425 116
464 127
391 82
362 80
350 97
322 148
231 280
276 301
322 348
364 367
421 280
479 280
236 139
275 100
269 64
245 80
200 185
153 188
207 238
144 149
110 175
45 206
31 245
15 253
10 283
9 157
37 133
62 118
16 118
34 74
86 2
120 76
92 95
114 64
126 20
168 26
156 50
165 39
194 70
212 55
234 42
251 53
269 36
275 5
263 5
314 15
323 21
343 26
404 27
439 15
475 18
285 161
173 112
17 72
81 176
127 127
187 163
302 14
365 21
376 20
385 25
392 4
410 4
461 12
21 59
44 41
76 74
96 56
7 27
73 11
164 74
191 31
189 103
456 86
470 50
489 18
361 38
295 17
