128
15 275
14 207
48 212
92 212
135 248
178 217
235 230
185 187
144 191
310 221
262 142
186 140
189 121
30 11
27 24
22 28
8 60
16 64
17 40
28 32
32 45
43 41
38 43
39 52
11 93
2 134
1 161
57 151
71 155
45 92
36 93
56 78
65 87
84 89
128 80
143 77
152 80
156 39
180 8
178 28
186 41
191 32
198 25
210 17
207 29
234 26
230 24
222 29
229 62
203 55
194 58
186 67
187 61
206 63
213 69
211 61
241 55
245 87
168 64
296 124
284 111
271 75
300 57
288 57
258 29
264 12
264 20
268 26
271 22
277 21
301 40
287 42
272 9
279 9
270 1
286 3
284 16
290 16
295 12
311 19
311 34
315 38
500 182
473 154
443 130
362 165
331 127
355 125
386 121
438 114
375 99
320 100
310 12
318 12
352 3
357 5
358 15
334 27
320 33
358 41
363 30
366 24
370 46
368 83
388 26
384 28
408 11
411 40
423 36
428 29
424 14
441 6
431 35
430 76
442 61
454 36
477 45
461 18
462 10
457 7
460 1
474 8
472 12
482 1
501 4
69 81
335 6
344 7
