110
339 370
71 354
24 259
52 200
64 154
140 214
175 224
134 143
118 157
134 118
115 116
68 110
49 85
73 74
86 53
221 85
190 85
154 97
277 55
248 38
241 59
426 227
463 238
504 375
432 140
414 164
432 106
424 76
387 106
478 76
504 118
505 76
493 38
507 23
469 41
445 50
441 39
343 55
336 42
304 21
274 11
175 11
194 38
133 8
134 64
381 74
412 65
486 158
421 18
220 15
106 14
110 82
103 61
123 114
89 136
79 96
201 110
192 131
467 67
262 10
180 53
40 296
142 191
69 182
105 193
16 158
41 176
42 148
261 73
277 75
298 46
283 40
232 120
60 117
141 86
190 63
202 40
213 35
235 28
132 98
253 219
274 203
258 146
295 164
341 139
298 112
319 108
355 110
194 173
159 164
206 3
225 3
247 8
329 6
322 25
348 18
367 12
376 8
382 33
412 106
465 105
401 43
417 41
134 31
167 33
139 49
127 48
242 330
297 270
349 315
