85
195 310
120 223
48 219
40 166
79 122
158 95
156 114
202 157
268 171
275 122
217 84
228 63
229 42
250 63
264 30
292 12
287 39
307 127
324 109
335 41
334 23
353 82
392 85
364 45
398 158
395 120
430 134
502 275
487 485
506 446
560 373
581 279
619 265
611 241
312 7
281 13
373 35
388 28
378 7
392 52
425 38
448 65
445 35
459 10
448 10
491 9
479 25
493 28
510 30
508 9
478 101
504 116
502 146
474 178
545 139
583 85
621 124
613 66
577 54
574 25
563 44
534 42
515 57
491 80
539 85
554 15
534 14
517 7
487 2
439 1
366 3
659 97
636 172
683 161
723 174
767 64
761 39
739 37
720 36
693 19
675 15
666 21
658 41
638 5
724 3
