96
73 351
205 332
267 258
246 208
141 206
41 155
96 118
59 90
49 79
35 64
22 115
105 71
86 85
131 75
136 83
150 86
207 101
224 100
238 76
250 104
281 78
297 64
287 94
314 102
325 101
413 156
393 180
477 79
495 171
462 203
529 176
596 90
620 87
753 268
735 314
760 97
613 57
271 32
259 27
10 34
28 14
97 14
146 21
168 21
6 9
15 9
43 9
54 9
58 15
67 9
38 4
71 6
99 4
112 5
84 1
127 3
134 7
139 4
150 2
516 49
497 30
478 32
552 44
635 42
660 34
676 46
697 47
745 38
613 20
592 20
678 20
761 27
753 11
637 1
432 22
442 10
421 10
370 12
378 16
361 9
346 6
303 12
296 22
314 19
326 15
332 5
297 3
312 5
265 15
267 6
208 7
230 13
185 3
424 3
369 1
450 2
