93
346 205
404 189
400 147
379 131
389 95
464 166
439 176
485 195
509 208
494 55
503 52
509 49
498 37
251 40
255 41
259 35
254 27
278 27
278 50
283 61
288 62
277 61
299 57
302 46
312 50
334 26
355 23
364 30
361 51
357 53
367 48
345 57
338 54
381 55
391 40
400 20
390 15
383 15
409 31
413 24
420 12
422 28
425 16
405 63
412 68
456 65
462 53
474 63
488 42
469 38
481 30
483 23
486 12
473 9
484 2
459 18
457 25
446 32
460 44
431 40
426 31
433 27
441 18
436 12
448 15
448 11
444 5
453 3
457 6
465 8
477 1
487 2
492 1
507 15
503 13
304 28
318 33
278 32
273 35
409 14
400 12
406 13
416 41
408 49
425 139
456 287
385 203
499 9
427 83
437 60
423 43
379 78
470 21
