97
391 376
388 266
315 253
263 290
284 375
163 340
85 360
270 210
270 171
288 131
242 118
303 58
243 69
232 42
239 24
286 10
300 12
456 28
486 40
406 16
185 208
154 261
131 231
84 223
77 196
113 163
123 109
137 96
153 91
208 92
161 48
138 34
174 19
149 8
195 24
205 4
111 72
81 73
53 109
62 145
41 155
9 120
49 70
58 49
60 31
68 9
34 38
24 28
10 18
8 28
11 55
352 8
451 183
148 305
13 71
86 39
109 43
102 14
138 9
378 5
399 3
453 17
155 32
185 13
192 9
164 8
188 39
139 21
245 5
79 3
71 3
116 8
53 9
56 17
55 24
80 43
80 58
106 34
1 50
331 9
312 2
278 5
254 7
204 20
272 19
273 37
270 62
271 90
183 62
90 3
81 12
91 13
77 31
18 42
27 51
55 45
29 96
