81
442 344
351 323
314 348
311 371
11 218
1 123
7 102
14 122
26 143
65 140
94 177
130 175
138 163
145 121
132 106
161 122
56 104
76 110
68 97
92 110
111 99
2 13
168 149
203 215
223 190
9 47
20 50
28 42
40 72
53 85
57 30
82 21
93 14
117 9
138 60
205 12
218 56
207 56
181 63
187 77
160 54
166 62
175 101
127 83
124 69
117 78
106 78
102 87
6 7
14 8
286 168
368 118
358 115
364 62
328 40
306 48
292 18
260 4
248 19
275 15
290 43
250 48
236 72
281 78
278 100
265 120
247 112
44 1
74 3
148 50
258 14
154 96
5 1
77 18
124 4
27 10
33 2
28 94
48 106
314 5
272 1
