188
16 384
522 260
11 206
11 155
36 159
69 159
101 186
133 163
176 172
139 140
108 143
232 166
197 107
140 105
141 91
23 8
20 18
16 21
6 45
12 48
13 30
21 24
24 33
32 31
28 32
29 39
8 69
2 100
1 121
43 113
53 116
34 69
27 70
42 58
48 65
63 67
96 60
107 57
114 60
117 29
135 6
134 21
139 30
143 24
148 19
157 13
155 21
175 19
172 18
166 22
171 46
152 41
146 43
139 50
140 45
154 47
159 52
158 45
180 41
184 65
126 48
222 93
213 83
203 56
225 43
216 43
194 21
198 9
198 15
201 19
203 16
208 16
225 30
215 31
204 7
209 6
202 1
215 2
213 12
217 12
221 9
233 14
233 25
236 29
744 67
731 29
715 15
653 108
634 163
599 121
624 94
646 68
659 42
636 72
616 52
603 72
590 70
556 89
498 113
468 117
406 159
375 137
391 113
449 101
503 94
514 78
518 94
355 115
332 97
271 124
248 95
266 94
289 91
328 85
281 74
240 75
232 9
239 9
264 2
268 4
268 11
250 20
240 25
268 31
272 22
274 18
278 34
276 62
291 19
288 21
306 8
308 30
317 27
321 22
318 11
331 4
323 26
322 57
331 45
341 27
358 33
346 13
346 7
343 5
345 1
355 6
354 9
362 1
376 3
389 1
400 5
388 38
410 39
385 70
420 78
434 54
418 5
429 3
439 1
442 3
487 3
533 2
553 1
568 3
683 2
658 20
638 14
625 14
607 19
544 12
531 8
522 16
510 32
503 27
489 27
471 48
451 59
419 19
544 27
559 36
700 2
576 5
593 4
660 3
52 61
251 5
258 5
436 1
