142
516 459
560 399
612 382
685 384
737 407
651 494
60 275
64 250
89 224
259 257
282 238
231 232
225 214
259 192
260 168
263 156
387 260
459 205
443 150
483 146
403 119
383 108
486 95
483 81
531 54
553 79
541 103
601 96
615 144
755 118
693 106
710 85
715 69
692 62
679 67
638 90
148 137
186 126
192 75
208 70
206 58
227 71
250 59
261 55
257 85
283 85
308 114
312 97
330 88
323 67
309 81
300 66
305 55
291 57
300 27
294 22
360 91
347 59
355 51
334 39
310 19
320 15
311 9
298 9
151 87
176 59
161 28
144 33
138 66
18 2
81 3
66 2
60 5
69 8
129 2
120 7
148 19
147 12
140 26
122 33
154 45
172 46
166 44
340 7
347 3
358 14
366 12
369 23
372 34
355 33
379 11
372 9
369 1
377 2
383 44
369 53
414 45
429 42
407 25
401 18
387 16
391 1
402 1
412 8
419 3
439 4
457 15
424 20
433 14
421 12
457 31
471 28
463 61
484 59
507 32
505 25
497 22
513 4
524 12
536 6
532 33
557 29
562 10
581 3
599 1
604 14
598 16
613 9
618 38
609 61
599 60
586 35
659 37
660 24
651 16
671 8
677 44
72 2
304 16
279 26
553 126
695 133
