70
3 315
1 282
42 277
63 321
86 245
134 250
153 289
171 290
183 246
216 241
236 243
257 237
264 291
256 310
343 311
350 304
371 294
374 262
434 322
479 314
471 235
435 241
364 208
349 210
324 218
324 206
312 201
296 228
124 127
150 128
155 134
147 138
165 160
197 124
206 133
210 131
225 134
228 127
229 126
240 129
244 150
253 156
261 152
275 157
292 154
263 129
266 128
256 129
250 127
284 129
299 142
302 177
303 182
307 193
358 182
384 167
368 194
383 203
417 181
452 166
464 168
472 180
480 171
458 163
486 182
492 159
494 170
499 159
499 175
504 173
