138
503 375
164 380
66 263
164 249
227 184
133 157
31 200
11 175
70 96
47 104
116 135
156 104
262 129
312 115
295 83
333 83
297 212
348 124
367 130
396 104
416 71
423 180
362 215
469 157
191 55
211 57
216 47
226 49
255 48
292 55
321 41
309 37
8 46
3 29
15 37
21 34
28 29
39 26
34 26
48 22
47 31
22 27
53 45
59 27
64 24
69 28
86 50
117 47
108 27
99 18
139 41
135 28
142 28
137 21
151 25
159 24
167 37
177 38
187 28
182 17
208 21
225 23
148 83
136 86
197 42
196 19
199 9
225 13
241 10
252 15
256 15
266 20
282 12
291 12
274 23
314 19
328 17
317 9
344 25
342 14
353 15
360 22
363 13
373 22
324 5
338 6
346 5
353 9
356 5
362 8
374 8
333 34
385 11
393 20
400 20
277 7
254 3
409 20
422 11
412 32
432 27
429 34
431 3
441 4
437 26
457 18
448 39
465 37
467 27
478 19
485 19
484 29
486 7
502 13
218 4
202 4
207 2
85 22
92 24
58 19
150 6
138 10
128 6
131 4
176 9
183 8
298 5
312 6
225 1
249 1
170 22
142 10
398 1
387 3
382 6
421 1
412 1
506 3
