70
11 265
743 371
635 320
534 258
180 186
143 175
53 125
25 155
5 224
64 71
94 81
110 67
139 78
247 226
271 198
246 88
256 65
267 83
221 65
196 69
218 94
309 69
328 55
339 55
349 87
340 99
392 69
385 62
397 83
411 156
424 225
546 226
527 180
550 162
528 130
506 114
508 99
469 130
674 168
703 124
738 109
750 127
748 86
731 86
716 72
570 65
597 65
435 53
58 38
130 23
185 38
145 9
193 7
260 33
256 24
299 16
218 9
255 11
354 9
398 11
357 56
314 2
362 4
444 53
453 33
468 34
440 275
610 41
616 31
655 38
