74
273 308
364 302
664 565
431 228
439 153
538 236
584 230
591 205
350 156
290 124
253 166
73 104
652 101
668 113
711 90
740 78
733 56
692 53
687 67
667 53
639 57
612 55
571 57
558 55
524 50
477 64
368 62
347 59
14 54
64 23
36 18
6 10
184 31
220 31
223 20
266 33
239 41
291 31
297 27
307 35
318 55
329 23
354 19
355 26
197 116
374 53
385 35
401 35
406 43
403 15
414 21
399 70
471 36
486 31
449 5
462 9
471 6
530 47
515 28
524 27
493 2
485 1
575 40
585 27
624 27
630 34
635 27
648 37
691 30
698 10
692 6
765 23
143 1
742 5
