69
13 310
46 345
63 312
89 313
65 282
424 366
341 359
280 360
280 347
359 357
340 334
387 350
359 283
419 281
480 186
480 191
490 191
499 189
495 200
475 205
461 194
446 188
436 190
432 208
427 196
405 193
418 205
448 214
455 215
465 213
478 217
487 212
432 214
451 217
422 218
419 225
502 194
491 244
496 221
420 246
479 268
470 270
425 273
318 262
507 289
504 282
386 328
289 322
294 280
15 225
26 218
47 223
55 239
47 246
38 242
3 251
126 228
137 225
122 210
136 218
138 212
151 211
161 219
158 250
149 259
141 216
155 216
509 269
280 279
