166
154 539
199 523
199 419
333 454
448 327
502 324
526 293
533 259
632 274
693 281
755 351
748 283
713 267
644 227
697 231
754 220
726 167
98 302
138 300
221 286
289 263
325 253
334 212
375 201
406 230
427 223
425 291
452 257
458 220
498 223
528 226
584 226
595 157
732 113
755 130
745 126
738 135
713 139
691 155
676 153
670 144
686 130
655 144
638 128
610 119
600 116
619 152
625 137
637 158
646 153
637 142
639 111
764 138
539 180
573 147
569 133
550 160
445 139
437 118
454 120
481 132
506 146
521 148
494 164
491 176
406 142
253 132
237 127
303 122
325 121
333 131
235 139
244 135
260 133
279 127
347 137
360 146
361 168
400 160
308 180
301 204
283 192
262 197
236 199
255 170
238 160
257 162
262 159
267 153
254 145
285 155
273 164
294 173
320 162
332 152
363 244
308 150
309 137
312 128
297 136
294 129
323 152
330 145
186 210
202 178
217 159
211 140
196 140
182 168
218 191
287 239
47 253
73 238
71 222
92 220
116 221
140 228
168 221
157 186
175 189
182 188
147 167
135 184
111 173
134 161
154 150
178 143
142 140
124 117
116 114
108 117
97 117
77 122
85 134
16 241
39 217
6 215
41 197
89 174
101 178
116 171
131 156
126 188
178 177
76 167
75 154
97 152
103 154
114 142
161 151
77 140
76 134
70 144
64 144
53 143
67 155
66 166
43 153
37 157
276 132
441 167
585 71
619 67
464 96
464 89
444 121
