136
546 548
704 285
684 310
663 285
415 387
440 356
410 241
383 257
368 233
336 244
290 290
247 328
148 339
67 295
10 332
120 255
126 216
90 214
27 234
27 216
12 196
6 184
2 207
21 186
41 190
25 168
42 142
50 170
61 174
67 186
84 179
104 176
108 167
114 167
133 176
146 174
111 192
102 139
47 128
60 135
209 137
233 114
240 133
249 130
263 138
251 140
251 144
242 144
233 141
215 144
215 152
224 157
239 154
238 174
197 169
181 181
168 169
212 169
268 172
280 175
290 161
295 144
306 142
311 172
330 183
351 168
348 154
336 151
353 146
380 140
413 136
430 133
441 131
476 126
503 111
508 103
518 108
526 111
517 141
511 142
510 154
496 206
229 212
184 206
171 198
193 193
222 249
676 219
681 199
647 194
642 133
616 128
617 116
644 85
651 90
654 96
665 89
675 88
667 98
690 88
697 94
702 99
718 95
719 130
717 104
665 65
694 62
696 59
608 66
564 71
577 70
639 56
647 60
693 44
687 43
684 50
748 117
740 144
762 137
73 205
756 333
671 82
676 83
673 77
701 40
760 107
176 174
16 220
686 39
687 38
700 39
683 44
667 45
677 46
700 60
702 59
