97
38 238
131 266
222 232
180 184
509 205
488 81
451 94
432 94
416 85
276 103
242 108
104 59
149 78
189 60
199 55
206 60
225 70
251 69
245 56
227 46
325 68
342 64
363 33
298 56
15 29
11 88
42 30
36 14
41 8
12 3
58 10
73 16
69 11
120 24
163 7
163 1
136 23
134 29
113 34
178 72
228 26
249 27
243 23
227 5
164 86
120 56
285 65
289 62
355 105
371 98
411 64
414 39
399 33
389 40
359 38
330 31
308 17
278 44
269 50
276 34
264 34
269 17
271 9
261 7
320 4
325 8
334 4
348 6
345 4
360 18
354 11
371 16
377 8
362 10
387 4
399 6
407 19
399 24
369 10
358 3
360 4
436 34
449 36
454 17
452 51
451 44
478 47
479 41
489 57
503 58
499 5
487 23
465 156
129 1
132 3
293 31
333 1
