116
209 439
270 424
263 529
541 321
575 365
713 337
21 283
24 258
21 231
17 216
3 212
14 201
31 194
29 212
39 224
48 205
65 214
70 199
94 259
73 300
200 294
200 268
220 242
102 205
85 194
110 197
127 195
124 200
140 193
140 193
152 193
170 182
170 197
191 213
190 186
208 191
235 191
223 217
228 230
284 227
265 272
279 191
279 191
248 185
215 189
293 189
316 245
309 295
296 300
358 293
379 293
323 228
324 181
323 172
350 178
364 178
375 171
457 206
389 255
407 305
393 172
400 178
416 173
439 163
449 175
461 173
468 163
474 173
488 165
500 176
502 161
520 182
526 193
530 165
546 168
557 185
557 185
578 172
561 170
561 170
567 165
588 157
600 163
612 159
625 162
609 176
602 192
628 190
550 250
658 232
641 218
648 192
648 192
653 165
648 156
639 154
672 155
687 163
674 176
674 176
685 178
685 178
678 245
678 245
706 202
725 178
706 159
709 148
730 147
744 178
761 151
750 142
747 151
316 567
350 474
731 168
