110
511 211
433 191
448 193
439 138
428 104
439 100
449 83
493 72
487 61
404 60
423 59
423 68
444 65
418 70
407 76
392 70
382 72
368 76
373 88
326 91
327 76
302 79
288 89
324 77
307 100
321 96
357 104
354 113
285 112
275 108
274 114
273 123
285 128
234 118
260 123
262 114
211 90
249 75
195 78
182 52
187 51
161 57
154 59
154 74
163 70
180 79
182 76
180 84
183 83
173 85
177 83
169 104
165 116
150 121
150 109
178 149
426 232
206 351
140 382
133 129
32 137
60 136
35 106
48 107
62 101
83 111
89 93
78 95
73 96
72 88
55 101
127 90
141 83
127 73
134 67
50 85
44 98
40 85
35 84
23 89
31 77
16 93
7 107
5 86
12 87
9 72
13 69
23 68
43 66
46 65
58 67
62 64
81 63
87 62
71 63
100 58
105 59
135 56
142 49
145 49
95 51
80 54
83 55
75 55
70 55
87 54
90 54
3 71
1 76
138 56
