199
4 277
13 271
11 257
12 248
37 242
38 236
48 253
42 244
56 248
60 261
67 248
75 246
92 246
53 230
103 252
65 276
52 279
51 292
42 305
19 300
9 306
66 330
65 344
82 307
107 307
96 297
104 296
103 283
114 285
121 288
143 263
148 254
155 255
134 218
155 225
144 228
42 233
14 241
162 229
166 232
167 225
179 225
182 240
165 240
160 240
165 249
161 249
172 247
162 260
166 275
182 273
198 276
205 280
208 262
209 245
218 265
232 284
236 257
226 256
224 251
239 239
285 210
357 194
352 207
510 187
504 192
498 190
496 196
491 199
487 191
484 188
483 191
484 195
479 194
479 192
477 190
474 191
474 198
479 197
468 195
465 195
455 198
453 194
445 194
440 193
439 190
437 191
436 196
439 199
433 199
427 192
424 191
439 207
447 207
452 199
456 203
457 205
452 211
461 210
467 207
468 202
484 222
496 203
493 202
505 198
509 201
510 205
505 203
503 201
492 231
478 235
475 239
470 226
456 224
459 220
448 222
438 226
437 217
433 210
428 210
424 214
424 218
432 225
424 232
421 209
414 214
418 191
412 225
406 228
404 220
399 225
398 234
392 230
391 225
388 229
397 193
378 226
375 222
384 207
383 193
386 191
381 193
379 194
376 204
373 248
385 256
396 241
404 253
408 243
418 246
424 255
473 273
476 286
499 252
501 249
505 273
452 301
399 306
400 326
305 272
318 251
325 253
327 260
344 248
351 235
350 226
332 220
318 225
314 234
333 234
305 247
299 249
292 245
293 231
285 250
292 259
279 273
264 272
269 251
278 242
279 233
270 342
294 342
294 361
249 255
253 242
505 342
125 368
194 247
74 281
393 191
377 192
383 213
467 229
440 300
433 290
508 198
365 230
378 320
