120
125 455
5 269
43 196
20 177
85 141
104 149
124 152
101 132
169 154
175 144
165 139
152 187
196 207
190 254
219 224
258 228
301 238
354 252
367 281
325 176
259 160
283 143
295 137
339 156
345 173
444 159
453 141
527 179
503 225
513 262
598 240
598 381
611 149
689 132
669 116
696 106
710 261
128 119
293 62
256 52
310 47
317 45
324 35
314 27
302 28
294 27
290 26
289 31
284 33
269 36
261 35
256 32
261 29
258 25
268 26
272 25
277 26
281 27
343 32
332 28
337 26
352 25
326 28
364 50
363 57
379 59
396 46
401 34
406 34
378 22
366 21
722 67
739 74
706 64
689 38
684 28
578 24
422 24
426 34
430 36
453 32
466 40
472 32
477 28
487 37
521 73
519 26
511 15
544 6
543 89
716 15
683 12
678 7
641 15
729 350
751 205
348 13
354 17
358 14
394 15
403 13
416 20
334 10
328 13
348 9
351 7
356 10
345 7
295 20
310 17
343 3
318 4
259 20
294 30
623 15
385 3
591 3
333 1
327 1
447 1
