79
120 497
189 508
39 432
29 373
5 297
32 246
17 229
19 157
16 179
46 218
97 205
106 147
103 124
82 128
146 124
138 165
138 216
135 304
186 285
215 234
194 127
210 120
237 127
239 118
257 122
264 116
192 110
307 120
298 114
298 105
283 124
341 126
353 137
347 174
304 187
257 243
213 202
322 215
305 241
378 175
382 249
428 231
523 250
507 187
495 185
481 171
513 142
523 171
541 231
602 223
605 256
631 249
706 267
527 97
547 87
556 64
545 65
602 30
609 30
657 69
697 67
667 61
618 61
604 63
585 67
580 61
633 71
586 100
576 82
574 110
550 129
582 120
588 136
628 132
637 120
687 136
743 119
729 161
644 171
