68
27 316
97 320
122 275
162 287
146 255
178 234
115 203
106 201
84 181
64 174
276 375
249 371
239 336
198 325
207 231
239 304
296 277
309 331
352 302
402 356
431 304
510 328
354 163
287 195
254 233
185 167
201 156
207 155
402 140
420 137
439 134
474 153
476 131
61 142
84 159
6 121
1 108
32 116
17 137
10 129
5 139
1 138
50 114
72 113
77 115
84 125
97 127
112 119
102 108
113 89
141 104
226 115
208 117
243 108
276 116
292 117
273 130
326 132
332 116
345 92
378 135
446 97
453 123
469 91
240 148
485 96
496 103
495 80
