165
433 566
392 468
302 428
168 356
2 236
1 211
32 208
47 241
64 184
100 187
115 217
128 218
137 184
162 180
177 182
193 178
198 218
192 232
257 233
262 228
278 220
280 197
325 242
359 235
353 176
326 180
273 156
261 157
243 163
243 154
234 151
222 171
93 95
112 96
116 100
110 103
123 120
148 93
155 100
157 98
168 100
171 95
172 94
180 97
183 112
189 117
196 114
206 117
219 115
197 97
199 96
192 97
187 95
213 97
224 106
227 133
227 137
230 144
268 137
288 125
276 145
287 152
313 136
339 125
348 126
354 135
360 128
344 122
365 137
369 119
370 127
374 119
374 131
378 130
386 125
388 125
387 119
390 137
393 137
402 134
407 141
410 133
417 131
413 125
413 119
427 123
487 89
488 78
486 122
482 128
474 125
460 133
450 133
485 137
491 133
485 130
496 138
492 184
468 186
429 172
434 164
424 156
512 89
524 76
536 78
539 78
549 126
528 127
512 136
576 90
576 80
570 81
586 94
662 74
664 71
667 66
662 67
679 71
684 72
686 72
694 73
677 96
626 84
638 108
694 99
658 113
631 113
613 117
593 119
588 118
582 114
575 113
594 128
707 71
720 77
728 74
726 80
729 86
735 86
759 77
762 93
767 80
731 70
723 104
714 93
705 95
701 119
734 120
745 123
763 179
570 176
590 223
626 234
658 257
444 243
418 253
402 237
104 329
593 167
703 71
712 72
664 91
614 75
658 73
641 86
