75
164 375
182 273
65 236
57 163
55 104
78 93
206 102
241 103
330 139
291 206
361 301
386 281
490 325
145 200
88 4
17 3
128 7
481 235
488 72
505 65
500 83
480 2
493 11
494 3
502 4
154 17
164 8
198 6
190 13
253 30
273 51
215 40
182 23
240 31
284 43
289 33
298 36
329 15
348 22
353 34
360 51
336 63
345 80
350 70
444 62
365 120
389 107
412 103
391 31
386 14
440 27
405 13
416 16
416 4
250 1
322 34
368 2
358 2
444 4
467 1
446 112
455 102
273 11
278 10
456 7
460 63
450 55
439 46
44 163
371 48
381 66
503 17
213 14
21 122
60 1
