73
220 373
203 328
115 328
36 233
41 147
156 157
196 126
190 102
218 125
276 155
239 165
283 194
336 189
369 195
309 260
264 273
200 259
281 328
413 364
461 355
492 110
459 113
340 101
334 92
301 89
276 75
250 58
206 58
215 51
473 97
508 100
428 40
419 33
376 20
349 19
353 12
333 16
321 17
314 11
286 13
275 11
256 14
265 35
239 33
231 11
214 16
16 34
27 28
14 50
45 37
74 36
79 51
72 44
84 35
86 61
98 59
112 57
137 48
155 48
167 48
175 41
117 25
101 27
77 11
98 11
117 13
167 17
181 10
91 49
140 3
162 5
331 5
385 2
