335
51 404
132 462
252 410
236 270
206 309
360 506
416 327
416 294
524 346
525 428
558 400
620 364
563 274
271 223
151 151
281 210
301 227
359 231
426 218
382 189
386 173
411 157
449 205
697 330
637 239
588 219
574 205
526 177
501 163
456 131
712 275
731 255
739 211
757 213
759 298
665 138
723 146
763 166
584 156
619 204
610 207
625 190
248 194
290 176
214 142
227 137
238 139
238 117
160 126
74 115
88 111
75 88
65 84
69 78
49 73
41 72
8 79
8 67
7 56
31 58
37 57
40 63
50 59
55 51
25 47
5 46
23 32
30 29
38 30
33 46
44 40
75 59
94 73
80 69
120 84
151 84
81 46
89 47
99 54
87 34
58 30
53 25
45 27
108 46
101 42
98 37
38 23
3 56
44 23
93 31
100 32
105 34
110 39
118 43
119 64
131 64
127 41
124 33
127 28
105 4
136 7
138 13
145 9
154 5
157 13
166 18
172 27
171 4
180 4
160 43
147 36
138 42
131 42
134 37
151 46
150 39
153 42
153 37
157 38
159 49
158 70
182 73
169 53
166 44
172 44
185 42
164 51
194 82
189 67
194 53
200 56
210 57
207 38
188 10
192 10
215 19
222 30
221 37
221 43
211 76
227 106
247 103
265 114
252 93
238 83
230 75
230 59
227 58
231 48
228 40
235 35
234 42
240 31
245 33
247 41
256 42
268 38
273 32
293 33
307 35
305 46
295 61
305 66
313 62
286 85
283 93
281 102
319 91
328 92
335 97
339 102
357 106
364 125
368 108
343 75
348 71
337 73
242 57
248 82
258 89
244 74
383 130
388 106
385 93
393 77
373 70
401 74
393 62
415 99
424 100
421 110
442 105
443 56
435 54
439 54
441 47
448 50
450 55
449 37
437 39
439 41
447 39
452 39
453 35
471 74
467 54
455 47
473 45
480 54
492 92
456 121
497 89
494 74
500 82
509 72
502 53
495 34
487 39
475 36
490 46
500 34
503 47
508 34
513 31
513 50
520 51
530 53
531 78
526 91
538 79
546 82
546 92
539 53
552 88
478 35
484 40
486 35
504 34
471 35
463 38
541 34
539 35
545 35
559 36
554 57
555 80
559 82
563 88
570 88
573 72
576 66
574 57
400 99
597 106
605 132
612 127
621 137
625 126
633 133
612 101
611 93
579 76
581 68
582 63
661 106
592 74
595 66
592 49
606 47
606 43
615 45
620 46
612 60
617 64
622 82
623 99
628 98
644 92
632 66
626 50
635 49
635 51
650 49
664 56
663 48
667 47
676 72
681 63
681 55
676 50
679 51
681 51
681 40
686 40
690 47
691 41
689 39
688 35
690 35
692 36
639 67
646 69
650 70
667 96
674 96
682 108
687 102
689 99
694 84
691 52
711 58
718 51
704 81
701 104
705 107
726 97
729 110
716 138
745 120
743 104
746 91
740 79
755 90
754 109
723 143
725 135
685 34
696 37
697 40
701 39
722 51
471 37
466 35
694 38
697 43
