87
51 515
138 386
68 224
6 215
22 87
11 71
20 59
55 62
61 98
49 92
71 62
87 88
107 57
108 81
154 67
171 55
169 90
188 63
216 79
216 166
253 150
231 259
286 291
298 383
420 439
485 507
548 552
471 303
468 252
545 175
462 120
427 150
390 162
366 139
315 164
287 87
288 67
258 58
294 57
308 57
311 79
336 71
360 69
355 90
341 100
413 73
446 63
436 118
471 97
477 108
567 76
584 141
623 90
649 69
662 116
662 134
681 63
709 65
759 100
764 78
753 166
758 180
3 48
8 60
15 38
49 44
65 39
155 36
167 36
258 46
272 42
317 37
304 32
393 42
424 23
435 21
456 25
450 15
360 5
368 7
494 38
486 7
493 4
517 40
600 15
600 30
739 25
