130
177 280
251 262
302 256
337 344
362 414
398 422
444 438
559 347
517 255
567 218
650 248
702 140
559 183
531 193
511 173
465 144
477 117
415 171
396 176
395 156
376 148
396 119
422 119
380 117
295 174
265 115
197 107
169 134
155 121
123 127
108 154
312 93
318 67
325 61
75 92
84 68
58 63
70 61
1 80
163 53
187 49
225 56
253 60
25 52
15 46
11 43
17 35
21 34
28 36
30 42
34 55
54 32
58 37
112 43
97 36
103 39
145 40
128 33
119 29
117 36
153 32
159 33
166 35
162 24
102 24
95 30
157 17
153 14
168 16
163 14
175 17
181 21
180 15
189 15
201 14
189 38
173 33
141 17
130 26
133 21
132 33
137 30
229 38
217 27
267 32
242 38
229 19
223 22
259 18
301 15
369 49
390 42
384 77
325 14
330 8
406 37
411 33
428 31
414 79
455 54
486 54
478 24
494 7
433 30
478 4
725 259
503 65
509 58
540 75
536 42
570 47
592 40
622 41
565 30
598 26
549 13
580 18
560 24
458 3
446 3
77 34
154 7
131 8
127 12
110 24
117 18
100 16
109 12
173 5
762 156
