157
26 417
23 287
39 212
19 204
32 142
9 145
75 209
136 280
145 265
139 412
87 438
222 407
210 314
267 368
263 273
255 253
239 257
256 229
341 300
363 328
349 357
441 295
472 296
500 315
512 345
612 366
562 276
505 279
584 256
625 286
716 278
621 244
655 228
694 215
669 200
652 170
445 187
394 176
367 179
321 178
269 179
263 169
267 157
271 143
296 147
359 156
374 149
385 158
417 151
447 138
426 135
421 130
308 140
356 148
462 112
440 114
431 111
427 102
422 95
449 100
477 95
497 90
491 103
499 117
526 119
525 99
558 122
551 121
554 153
577 133
590 128
584 115
602 105
614 103
595 137
604 142
617 145
685 181
691 166
724 166
735 145
731 126
719 89
679 88
647 133
634 87
612 88
286 112
299 105
300 98
316 100
336 100
348 103
369 111
373 105
399 102
365 91
347 87
375 58
383 58
379 49
383 48
365 53
348 81
288 80
346 92
360 76
366 86
400 49
400 57
418 50
428 54
447 52
458 54
475 54
481 49
495 49
502 58
509 56
510 48
516 48
518 52
527 54
533 50
532 47
542 50
550 56
545 59
554 48
577 49
584 53
594 51
634 69
650 72
629 47
647 43
676 48
704 81
746 104
730 55
716 51
710 52
707 44
731 45
744 43
634 39
710 33
725 28
736 25
756 27
756 95
588 41
574 37
538 535
618 561
627 221
686 146
