96
470 346
446 333
428 296
326 251
304 301
141 316
86 346
74 293
30 287
42 238
92 251
90 220
16 151
1 220
176 203
180 178
221 196
207 151
240 143
264 154
270 178
288 143
325 64
379 70
338 127
370 146
401 139
415 116
434 158
442 127
460 121
455 140
400 71
415 59
407 53
391 53
377 59
454 74
496 101
493 80
508 95
184 58
178 62
171 52
254 48
245 27
267 48
281 54
307 51
300 61
369 50
377 41
404 61
413 77
369 118
372 131
317 218
306 229
506 269
385 191
242 177
312 63
424 49
345 125
425 146
368 252
508 86
353 69
345 55
336 45
501 80
288 176
383 64
464 101
370 69
364 62
405 114
263 60
242 59
253 53
271 62
335 55
358 83
328 104
278 130
90 175
137 214
111 338
208 279
256 170
317 156
360 155
388 331
467 211
408 262
492 49
