72
41 341
135 346
111 356
164 320
211 304
209 258
216 230
163 227
138 216
77 225
36 237
9 223
9 195
8 174
27 163
39 145
53 141
53 120
62 131
74 130
83 137
98 138
78 176
61 183
117 168
108 136
115 134
135 129
142 176
171 191
234 194
263 227
280 228
288 200
282 170
264 159
264 149
230 157
210 151
206 129
180 136
163 139
148 134
157 117
158 112
147 122
218 120
306 154
122 120
355 114
381 113
378 102
391 82
352 152
376 139
379 169
435 166
450 154
458 170
505 150
492 258
435 255
396 251
353 256
325 262
381 325
423 290
402 98
398 81
395 72
114 278
5 260
