118
54 208
34 220
4 346
74 373
112 131
153 91
167 99
239 112
268 119
236 202
289 155
309 165
267 221
285 258
314 218
342 233
372 327
329 410
395 476
424 389
615 402
621 364
638 335
653 454
683 485
371 124
346 124
359 76
385 97
409 101
331 43
418 210
440 269
480 204
515 226
535 169
507 210
437 55
467 69
423 20
480 42
483 31
500 31
497 46
497 27
523 54
523 41
520 12
514 15
510 27
537 54
570 65
591 81
591 72
551 43
525 20
527 16
535 20
538 27
546 23
552 20
554 15
549 5
565 1
565 9
562 14
575 27
565 41
583 39
593 33
593 49
606 32
615 34
622 41
637 32
629 32
639 43
649 49
663 32
668 34
573 6
572 1
568 2
579 12
583 18
579 26
588 26
598 21
589 16
583 7
594 13
602 13
601 9
592 10
587 3
590 2
576 1
606 5
617 9
615 3
620 4
622 13
627 3
632 6
633 2
642 3
639 1
646 8
649 3
657 5
665 23
673 19
674 24
654 3
666 6
666 25
584 3
677 16
