108
161 251
59 158
121 137
86 107
118 101
152 116
245 143
245 92
217 61
203 64
218 27
239 20
254 20
313 32
313 9
298 6
313 20
339 20
355 32
351 53
352 80
331 68
321 53
310 74
284 49
256 70
373 49
411 38
406 32
409 17
420 21
429 5
403 5
388 2
448 42
433 80
469 53
469 33
471 5
484 5
495 5
454 8
487 58
501 47
212 9
203 8
262 6
253 8
271 8
152 70
134 26
154 26
155 6
136 9
119 18
107 18
100 1
116 2
86 26
106 50
92 53
91 65
121 39
122 53
36 17
47 15
59 21
70 11
58 11
39 5
21 15
39 49
42 80
17 65
5 86
2 12
45 32
289 258
205 215
292 47
279 15
271 26
228 4
225 12
221 16
184 7
197 26
188 19
181 21
169 39
162 13
153 53
134 109
101 109
113 34
88 6
81 10
64 17
17 8
31 12
345 39
6 170
122 265
334 10
352 9
379 8
126 6
221 366
