157
29 348
58 249
33 236
306 333
304 270
284 254
260 256
224 257
231 238
201 200
146 200
190 184
255 197
263 223
302 224
325 249
349 267
334 285
404 290
365 251
341 229
334 225
367 225
382 238
454 252
441 217
423 190
404 177
369 202
366 192
373 176
347 184
332 189
297 186
320 182
246 170
456 184
9 130
20 131
46 131
27 140
20 141
8 140
1 142
9 153
21 182
21 157
20 148
56 147
58 144
71 151
60 159
80 158
82 139
63 126
91 136
89 139
87 149
98 145
101 153
112 160
121 145
117 142
119 136
123 137
111 139
125 148
130 146
140 143
145 143
136 136
144 137
147 132
151 143
156 135
122 124
167 149
159 142
165 141
168 134
170 155
185 141
173 128
184 134
189 124
191 135
193 137
193 143
195 135
207 142
220 148
240 147
222 134
212 128
220 130
229 128
231 125
239 129
249 108
255 107
236 108
240 108
243 135
251 133
246 132
254 131
262 134
268 134
267 131
278 137
286 135
285 131
359 130
365 131
370 130
371 112
369 123
366 121
369 119
311 163
238 138
240 134
224 131
285 175
255 180
324 167
337 163
354 167
305 170
290 176
355 224
404 107
409 110
415 110
371 108
396 108
487 120
490 121
494 122
446 159
403 160
410 160
389 163
382 164
435 158
467 185
486 188
476 214
464 254
508 273
511 311
453 158
334 183
486 125
504 123
507 125
343 168
