136
15 459
148 514
7 300
4 202
55 267
83 249
81 229
128 197
128 165
167 116
171 212
164 173
146 188
163 265
184 256
235 206
254 264
272 254
314 272
407 446
387 279
365 256
351 210
340 165
292 157
157 77
146 78
120 85
109 81
133 113
154 92
160 109
181 96
187 78
181 71
205 75
204 44
208 50
220 50
217 75
223 73
238 85
255 81
238 118
214 115
218 109
226 146
269 130
337 121
373 157
382 141
380 187
415 115
394 113
380 109
374 74
383 82
393 78
404 106
418 103
428 110
437 106
432 85
437 77
424 98
428 173
446 279
484 258
500 267
486 322
532 371
566 293
566 352
599 388
593 422
676 456
602 240
595 224
588 210
567 179
473 91
458 76
503 102
496 107
481 119
469 121
489 116
501 123
525 103
516 126
587 97
584 108
568 113
567 123
571 136
566 143
617 115
613 107
601 141
618 135
604 131
603 174
599 163
614 154
625 152
639 130
656 118
672 111
685 121
662 137
662 124
674 148
678 169
677 194
648 212
691 244
639 309
704 146
709 166
715 189
698 200
746 251
729 291
734 174
728 159
726 136
714 118
741 89
761 75
756 116
761 139
758 155
754 183
766 188
747 463
623 166
