80
427 247
365 213
326 162
285 198
239 192
167 228
149 147
115 163
131 76
488 167
488 93
456 109
381 75
6 115
56 81
24 68
62 1
103 8
123 5
129 22
105 55
97 54
90 59
72 64
111 73
120 54
128 50
151 45
170 55
183 57
211 64
200 30
224 32
234 32
175 13
182 10
161 18
163 14
175 6
197 1
198 14
214 12
217 3
211 3
231 6
251 2
247 11
264 16
283 39
297 34
299 18
316 16
325 28
346 12
325 1
293 6
275 4
270 1
366 9
367 22
157 1
465 20
479 6
511 1
477 2
449 2
449 11
450 18
437 11
432 12
405 26
383 31
375 17
418 20
406 9
202 3
327 21
232 1
481 1
445 2
