214
279 383
503 311
478 287
431 250
394 270
497 204
480 200
511 223
31 148
49 153
55 156
74 167
71 163
56 181
35 178
28 178
20 181
21 189
12 220
56 195
69 195
86 182
85 170
73 224
62 223
66 187
49 201
101 180
105 187
109 191
102 166
99 168
122 154
126 151
121 147
126 143
120 138
137 140
136 146
142 148
144 155
149 149
153 142
160 141
158 148
151 139
176 158
187 156
208 153
211 152
205 172
201 178
172 169
160 174
185 190
156 198
156 204
156 215
144 221
135 209
131 175
129 168
213 182
215 153
218 130
214 128
216 134
218 203
210 225
201 222
171 234
153 235
109 238
510 99
510 100
510 105
509 114
504 110
504 101
504 101
505 99
499 99
492 103
489 107
489 111
493 112
496 115
497 106
498 103
492 120
486 117
497 131
501 122
506 136
498 139
509 146
495 146
479 146
482 137
477 130
466 134
474 142
468 142
490 159
456 142
451 139
444 138
444 135
445 132
443 131
440 125
447 124
436 123
431 123
425 125
434 132
436 128
427 145
429 155
429 162
415 164
419 146
410 141
415 134
405 139
406 126
401 124
398 134
396 135
392 140
391 132
386 135
378 129
362 132
358 131
355 128
348 127
342 127
332 129
332 123
330 124
324 129
318 129
301 132
298 130
288 125
284 130
281 127
275 126
328 136
327 158
290 159
276 151
339 137
346 156
358 143
374 143
381 163
372 157
389 159
396 152
402 146
458 140
394 195
424 196
389 191
380 181
365 182
355 195
367 199
340 167
362 161
365 158
352 157
344 160
362 143
313 188
347 203
304 194
285 187
277 204
257 198
266 178
271 162
262 161
263 154
267 157
268 143
261 144
259 138
231 138
235 141
232 132
231 128
227 127
255 145
250 157
254 157
253 152
242 156
238 153
230 158
236 198
251 193
203 211
259 245
278 234
242 226
138 140
133 137
146 172
197 265
173 272
508 168
