290
273 308
315 285
334 242
255 246
313 202
385 218
393 167
427 166
491 178
391 146
334 140
189 159
124 165
112 150
88 147
31 188
26 268
11 147
16 119
111 121
123 105
173 102
188 108
187 126
219 115
212 99
238 106
251 116
275 110
283 101
294 113
304 103
277 91
279 73
325 88
355 80
367 97
388 78
399 79
404 115
424 90
430 118
445 98
464 65
41 59
51 56
60 50
78 50
80 45
82 57
100 67
110 60
125 50
129 49
136 56
175 78
204 78
210 66
225 62
207 47
193 48
184 49
151 43
174 39
201 37
214 41
216 34
224 36
233 36
233 45
227 51
10 44
12 41
6 32
29 37
34 35
32 41
35 48
45 42
55 42
70 34
90 38
118 40
125 41
145 42
94 30
82 30
84 26
95 21
88 16
82 17
72 22
78 19
72 17
72 28
64 27
60 19
64 17
52 29
56 28
48 20
51 17
45 16
35 18
38 24
33 27
29 20
28 16
17 21
20 16
12 17
7 16
7 26
2 28
1 22
6 21
3 19
2 16
1 15
2 12
9 11
11 9
8 9
14 8
18 9
24 11
26 8
36 11
41 11
48 11
53 11
56 12
58 9
79 11
65 11
74 8
90 11
94 12
99 12
105 8
110 11
147 22
170 32
196 26
197 22
207 20
209 30
125 35
130 10
141 12
162 13
114 8
112 5
119 6
126 6
131 6
106 5
102 14
247 30
251 43
249 62
245 43
246 23
230 23
222 27
216 25
214 19
224 20
214 17
206 17
264 67
262 58
266 45
259 35
254 27
253 17
262 17
265 22
273 35
281 29
286 41
297 28
274 19
282 17
285 18
300 19
311 26
308 21
313 20
305 29
317 39
314 54
290 59
338 67
350 52
338 46
334 28
341 28
350 26
356 132
370 40
388 41
360 44
355 51
375 20
381 19
361 25
364 22
345 5
360 4
485 57
493 45
504 36
491 31
482 22
488 21
496 23
506 20
511 28
447 69
456 47
474 43
408 33
402 27
401 19
414 20
430 22
438 18
432 16
472 27
345 68
439 13
463 12
475 9
481 11
422 10
410 9
427 5
510 12
504 10
496 8
318 10
289 11
277 14
185 13
219 5
213 7
221 14
152 7
164 4
141 6
139 6
161 7
177 11
148 38
156 11
234 14
251 1
505 4
52 7
43 5
40 6
39 8
35 7
28 3
32 1
19 3
20 6
12 4
7 3
13 2
3 3
70 6
70 3
63 1
47 1
80 3
84 6
52 3
446 4
460 3
88 5
18 73
24 79
27 71
24 63
16 66
54 2
74 4
114 4
