100
23 399
129 315
182 379
240 468
365 318
549 524
740 377
766 84
755 64
739 76
725 32
681 61
658 105
652 87
716 152
540 59
540 31
523 35
616 48
633 19
521 14
570 24
506 1
454 28
463 9
426 15
432 43
435 71
399 32
398 84
370 59
367 99
425 170
459 147
490 236
381 214
355 194
288 286
255 257
226 141
273 104
321 64
340 68
332 22
287 43
283 32
277 57
284 67
302 68
242 71
191 71
195 144
83 115
39 131
23 103
39 80
56 71
74 76
101 84
147 60
154 48
142 36
118 41
202 41
185 36
195 23
166 19
217 9
205 4
234 16
249 14
268 5
373 19
226 44
2 77
71 208
167 71
327 110
36 62
169 3
256 44
238 4
294 9
325 5
341 16
385 91
83 144
8 448
122 120
116 70
287 207
413 4
449 1
363 16
350 39
311 13
555 166
575 80
590 203
469 46
