350
202 397
280 413
383 385
422 362
425 267
440 258
515 274
592 297
627 281
611 241
613 209
717 181
752 163
221 257
240 209
309 201
301 157
241 157
221 139
84 303
86 277
58 190
99 181
176 98
164 61
145 57
102 69
104 101
54 82
22 107
10 152
92 129
219 113
238 106
219 99
448 168
434 147
449 116
440 93
452 87
432 87
423 68
359 69
371 78
364 89
339 63
310 50
5 69
125 132
122 101
140 88
152 92
65 501
8 463
673 147
718 101
753 76
674 105
658 103
608 93
626 82
659 50
651 48
630 20
614 36
606 44
563 79
573 66
560 66
545 82
520 89
538 72
528 72
500 69
481 69
462 54
477 56
492 34
300 38
275 38
232 36
214 38
294 95
297 82
284 78
270 90
263 83
274 111
260 112
246 127
585 20
345 107
300 69
383 102
407 120
388 132
378 130
406 143
431 101
471 87
388 38
515 14
632 62
640 75
600 19
441 24
580 18
577 16
572 14
564 14
559 17
565 39
574 33
571 25
575 21
590 6
597 13
589 23
591 26
591 33
595 29
603 22
621 26
618 30
553 56
558 13
553 11
551 9
553 7
550 1
553 1
558 3
561 6
564 7
567 7
572 5
574 7
583 7
576 3
578 3
574 1
570 4
568 4
566 4
587 4
590 1
593 1
597 3
597 8
603 7
609 8
607 10
605 12
609 11
612 16
618 9
615 7
613 8
612 4
612 1
620 5
624 8
630 14
622 15
618 19
628 26
636 42
602 3
607 5
592 5
587 10
506 35
474 36
481 31
489 25
473 12
480 21
493 17
494 13
502 12
511 14
516 18
519 20
528 20
531 18
528 14
525 16
519 15
525 9
528 5
527 1
523 5
534 10
537 7
545 8
548 25
550 21
540 15
541 27
537 41
538 32
548 48
513 52
518 45
519 57
520 67
509 68
536 61
542 60
558 8
545 1
557 66
515 30
457 44
469 34
468 40
474 27
465 55
492 29
432 16
433 11
432 28
436 22
438 21
455 23
452 34
454 35
448 31
452 41
415 29
415 41
409 66
405 52
409 44
376 37
368 46
398 43
388 58
387 69
405 92
657 77
487 72
495 56
495 48
491 44
495 39
482 40
498 35
585 12
683 110
361 103
380 74
247 110
392 76
419 46
341 75
324 74
320 81
327 86
326 102
335 106
339 161
303 75
351 40
385 42
411 26
421 25
371 64
163 137
163 111
238 93
204 64
215 61
247 76
195 81
52 132
39 179
126 151
355 244
629 199
704 166
710 146
742 104
695 110
700 103
672 77
586 73
570 75
612 74
622 53
589 43
597 51
442 71
430 50
451 29
459 23
463 21
466 24
463 30
461 32
455 41
490 14
487 29
526 38
527 32
519 29
530 51
478 32
488 80
623 41
627 37
632 34
580 33
570 35
558 32
554 28
545 32
547 32
532 30
535 21
508 21
511 24
543 18
541 12
497 21
441 10
438 12
439 7
578 22
593 7
590 18
593 15
592 9
572 11
609 22
568 18
565 11
560 9
584 1
577 9
579 12
553 17
548 15
550 12
598 18
604 17
601 10
689 64
706 79
691 103
