163
487 373
503 302
508 200
508 174
488 177
501 165
426 226
407 215
381 221
369 217
392 200
372 195
354 195
370 181
349 184
265 296
276 291
254 278
152 297
112 251
102 238
94 262
69 230
16 247
5 166
2 161
45 167
34 161
33 168
33 163
48 163
55 155
65 159
60 163
92 160
93 152
99 152
101 163
112 159
110 154
104 158
31 176
2 220
13 218
34 214
45 211
74 216
108 207
102 204
88 210
127 201
121 152
119 148
121 161
125 155
129 154
131 148
129 144
142 144
200 143
295 131
294 135
281 136
285 132
281 129
266 125
270 132
266 134
264 130
266 130
260 131
260 138
251 132
236 137
229 138
226 133
225 143
210 143
214 145
193 147
195 146
188 145
183 149
172 147
166 146
169 139
165 133
152 150
294 106
289 106
284 106
269 108
303 132
307 132
311 132
313 127
324 122
326 129
317 132
316 125
309 142
333 141
341 144
348 140
348 147
360 136
378 133
380 138
386 153
394 153
363 176
412 149
416 141
412 134
409 129
400 116
410 110
415 116
410 99
448 90
453 93
424 133
425 128
432 139
431 134
462 131
474 127
472 123
465 123
504 134
501 137
440 210
402 133
456 126
413 94
410 105
437 98
442 98
450 97
406 100
510 143
510 151
510 166
167 222
146 213
187 204
217 207
237 206
246 210
266 193
258 186
270 207
284 203
301 211
304 223
319 210
267 226
261 254
387 244
293 274
468 294
255 132
375 141
