105
1 241
76 179
191 253
284 233
414 214
495 157
430 116
405 95
474 76
499 74
483 38
460 49
423 65
408 64
390 53
293 33
280 39
298 53
316 64
361 74
354 106
348 137
302 133
312 110
290 112
266 122
245 89
227 95
253 74
248 53
214 26
241 17
200 38
184 21
173 8
232 5
97 6
45 47
8 61
30 85
64 143
89 42
98 26
176 116
134 157
191 154
227 133
107 69
75 60
55 91
107 114
70 104
156 134
153 146
198 100
198 77
202 14
196 5
236 39
281 2
311 4
338 68
350 57
308 21
346 27
364 30
328 45
161 55
81 32
19 60
42 75
71 30
495 66
146 61
195 15
156 18
148 11
405 14
503 28
71 46
30 50
46 33
54 25
51 6
87 18
143 30
178 48
71 121
132 201
152 235
109 321
198 335
289 365
448 269
392 29
436 29
465 25
468 3
136 94
123 87
135 74
138 128
91 77
81 94
79 72
