127
77 220
47 196
32 187
11 185
54 154
74 162
2 171
19 93
36 101
39 76
52 103
32 57
40 55
30 48
24 50
9 49
74 57
64 52
91 91
103 90
85 92
70 125
125 91
143 91
162 87
157 79
161 73
145 78
138 77
181 97
185 89
197 87
164 145
148 135
214 107
229 106
225 90
246 89
260 85
269 79
267 65
268 56
250 60
244 58
241 49
223 53
226 50
220 47
177 39
184 42
234 39
293 50
294 44
304 61
298 52
312 56
316 69
323 56
331 54
348 54
309 38
359 60
321 84
308 87
307 100
298 113
275 108
265 114
322 138
321 152
338 115
363 115
352 105
360 104
359 91
370 93
377 96
399 71
404 62
411 63
205 137
197 164
224 177
272 201
313 192
390 26
411 33
400 36
298 41
270 49
418 37
422 40
423 33
435 33
438 48
421 48
416 48
421 57
417 57
428 55
418 68
422 83
438 81
454 84
461 88
464 70
465 53
474 73
488 92
492 65
482 64
480 59
495 47
505 63
509 50
460 192
428 201
429 229
381 176
364 241
429 374
324 266
247 248
158 226
177 235
450 55
330 89
