414
206 428
91 536
214 369
313 320
340 297
421 376
696 540
313 203
376 257
356 214
394 238
380 200
398 185
439 257
503 200
506 154
608 192
628 213
655 191
677 217
739 198
745 180
746 161
734 164
711 146
667 129
211 186
196 135
229 139
285 158
274 139
303 141
331 143
344 132
361 128
398 163
420 143
406 108
390 108
425 110
445 148
440 126
457 95
485 96
511 107
504 100
536 113
564 98
586 90
610 127
598 127
631 110
652 95
695 59
723 44
737 54
738 81
155 60
143 52
151 49
146 53
146 48
158 47
160 51
165 63
165 72
179 70
188 65
196 64
170 49
167 48
180 49
185 46
189 46
210 50
216 64
218 53
224 61
217 48
227 51
225 42
228 42
240 48
246 50
256 45
264 41
263 46
270 46
260 58
248 88
261 95
275 90
272 78
278 74
291 75
293 72
294 67
283 57
278 56
292 41
300 82
307 71
317 83
314 90
309 100
275 38
299 36
302 31
308 50
312 38
316 47
315 55
319 57
315 63
310 63
297 23
294 23
291 22
291 19
293 18
294 16
290 16
298 17
298 15
296 18
301 17
302 15
304 16
305 18
307 19
306 22
302 20
304 24
307 36
306 29
310 25
312 23
311 20
315 19
320 19
321 21
319 23
317 29
314 38
322 39
324 37
325 31
323 25
327 25
327 21
323 22
330 36
335 36
326 44
331 43
335 46
341 39
336 34
333 25
333 22
330 22
332 19
335 18
338 19
345 19
341 24
342 27
337 26
336 30
341 32
345 31
346 35
348 31
349 27
351 28
354 30
356 25
353 24
358 20
355 21
351 21
359 33
362 27
365 25
363 21
364 19
367 19
368 33
371 28
370 25
368 15
373 12
376 13
379 13
382 12
381 15
384 29
388 26
382 25
388 14
394 13
397 11
397 10
402 10
401 20
399 26
392 19
397 27
403 31
404 26
407 27
410 32
403 35
408 5
412 27
422 16
412 21
429 9
432 16
435 23
428 27
426 24
422 29
423 35
433 33
437 33
432 21
443 29
442 35
449 31
446 24
445 22
445 18
450 7
454 31
454 27
451 25
455 22
459 23
459 27
463 29
462 20
466 20
466 16
462 14
460 8
472 15
474 19
478 11
477 8
472 26
474 24
473 36
478 29
461 36
468 43
469 54
463 55
459 52
457 51
449 58
446 68
440 59
431 68
427 42
417 38
410 62
407 57
399 53
336 92
342 82
339 75
356 70
335 59
327 50
328 56
353 101
355 90
371 85
374 77
382 89
372 102
402 76
405 70
437 86
458 76
475 63
510 59
505 58
503 52
519 52
527 46
541 63
472 148
576 62
560 44
552 39
573 39
597 52
590 51
651 51
628 61
634 62
671 49
486 27
483 24
479 18
481 17
485 14
485 10
489 11
491 7
492 13
490 18
493 25
500 19
498 12
503 13
505 21
513 25
510 31
502 27
503 33
496 36
498 44
480 38
525 30
520 26
524 23
528 22
514 15
517 15
516 9
513 8
539 26
537 17
541 14
539 12
551 10
552 21
556 23
558 23
562 23
543 21
549 29
545 30
554 32
562 44
570 28
575 21
572 8
575 7
580 7
564 12
587 35
595 39
603 27
598 25
592 24
606 38
606 41
622 35
626 18
622 1
634 4
655 12
682 5
673 17
661 36
641 39
723 13
729 2
703 14
443 49
321 16
334 10
401 15
224 447
267 65
268 59
246 57
254 61
241 86
236 73
295 58
312 46
311 30
303 28
295 26
318 17
326 17
309 16
307 16
387 35
382 35
376 29
372 40
383 41
350 41
448 39
486 59
493 47
514 54
491 33
494 31
471 70
419 78
450 229
427 189
476 203
484 151
588 187
567 114
318 231
