74
48 272
58 246
68 263
69 281
112 285
19 365
25 352
12 327
10 274
28 275
89 223
107 219
133 263
145 258
145 274
145 286
109 345
158 379
218 344
214 283
181 278
181 271
188 249
113 246
94 269
236 229
209 240
184 240
184 228
197 233
194 231
196 216
184 210
216 210
234 212
251 209
266 231
255 227
251 233
276 256
245 280
244 271
229 268
343 283
332 262
343 243
353 240
378 238
381 227
382 252
392 258
413 317
409 326
466 241
453 233
480 227
440 235
336 215
350 195
334 200
319 198
306 198
124 218
70 248
266 278
283 264
284 252
288 242
306 245
327 227
347 222
354 217
433 208
451 209
