128
128 362
98 279
145 275
250 373
489 148
469 108
436 120
385 114
291 117
248 150
198 160
211 120
229 111
196 104
197 77
181 80
479 77
409 25
386 6
377 6
329 2
305 4
287 6
256 2
239 46
182 13
149 26
133 39
8 97
43 102
56 17
89 19
459 51
508 4
499 6
67 118
97 32
41 24
17 19
11 18
12 10
21 14
57 6
12 3
16 90
71 11
75 5
5 4
108 3
110 12
118 14
122 23
151 42
114 5
120 2
124 16
139 5
143 2
149 6
159 4
163 10
45 2
171 8
170 2
178 2
192 4
199 4
207 3
211 3
217 11
231 2
228 11
242 8
247 5
242 2
281 3
281 10
300 3
334 2
340 2
384 2
399 10
401 3
466 22
63 32
47 33
75 65
37 33
11 26
25 20
53 12
79 33
81 24
73 24
112 21
87 2
101 5
132 6
45 10
65 11
32 13
194 18
200 16
158 23
174 28
139 19
122 12
315 121
231 21
255 16
270 10
261 43
268 48
397 375
368 99
400 78
498 69
497 20
486 10
479 7
485 1
493 2
464 3
474 3
453 1
357 33
322 28
160 82
