205
265 258
263 223
249 196
332 165
350 221
359 212
380 250
388 225
444 271
457 235
346 347
369 184
391 175
394 165
401 182
435 185
435 162
461 148
507 197
193 112
210 108
213 105
200 104
186 90
189 82
206 86
212 89
216 80
211 80
230 111
259 106
264 103
274 96
280 82
289 108
295 128
312 77
327 78
304 103
310 110
319 118
331 124
358 131
368 123
407 140
419 135
406 118
377 104
379 95
369 91
365 85
338 99
340 90
342 70
361 83
365 70
358 68
386 73
380 59
361 50
362 40
366 39
367 35
375 35
374 42
376 54
370 50
365 48
388 57
391 49
387 48
385 46
381 50
389 38
382 41
378 35
400 66
400 59
399 52
396 46
398 40
399 38
403 37
407 35
397 36
394 38
407 47
411 42
419 48
422 42
419 40
413 54
415 62
401 85
404 81
424 67
425 61
431 64
435 69
434 79
435 85
427 50
429 44
432 42
429 34
443 54
438 51
440 44
436 34
444 33
454 44
450 49
448 43
446 47
449 46
450 87
453 74
454 69
455 61
460 65
467 70
476 91
492 90
476 66
488 63
467 60
480 47
475 33
463 47
468 31
479 33
483 35
485 37
487 39
489 41
493 38
486 32
485 29
493 28
500 29
432 10
436 16
430 17
447 8
455 8
456 5
420 16
407 17
404 16
398 17
505 30
508 27
500 38
502 38
506 37
509 37
508 44
509 56
501 56
492 50
490 48
498 63
499 75
444 140
419 102
351 115
226 87
225 102
195 84
176 89
181 92
192 97
199 95
346 71
346 78
365 78
372 74
376 77
358 97
364 103
344 101
403 44
405 43
425 37
455 34
431 74
416 87
415 76
424 84
429 93
428 103
399 113
382 126
482 74
488 78
406 56
438 117
470 109
493 126
411 165
489 272
334 227
310 173
300 149
292 150
