78
14 252
57 108
66 87
90 118
89 175
110 106
137 158
153 123
215 263
210 211
287 225
285 146
233 150
202 127
176 127
181 99
160 85
205 57
213 69
257 108
199 104
257 86
265 65
261 53
287 60
285 76
353 77
356 116
401 81
235 40
201 30
231 26
258 36
267 33
282 29
285 47
320 37
329 34
341 30
363 49
392 49
383 43
380 33
404 33
405 50
220 35
231 16
313 16
239 7
272 3
531 32
766 191
748 66
662 55
698 15
709 16
743 18
708 5
511 23
544 16
491 22
406 19
431 19
339 9
363 12
331 9
347 2
319 2
231 7
261 3
301 4
314 5
554 26
684 4
25 2
51 5
91 11
72 2
