115
653 233
631 190
612 244
397 207
243 217
214 202
161 197
99 264
200 108
171 81
160 95
111 92
60 102
48 35
227 13
256 18
261 12
263 1
298 26
306 13
288 12
325 23
350 49
349 76
389 15
391 4
375 3
353 12
338 7
422 15
429 69
397 104
445 91
486 163
511 139
470 97
480 87
470 56
503 44
533 56
538 99
568 135
589 97
575 67
594 53
657 44
647 154
739 87
708 80
663 11
737 30
620 19
604 2
620 7
629 5
534 13
145 113
550 6
642 134
32 43
86 50
134 31
147 56
145 66
166 40
160 12
219 20
232 33
212 44
178 21
197 33
287 21
295 18
300 39
224 88
329 202
398 146
432 150
433 127
452 101
456 90
473 73
494 73
395 79
405 67
370 74
335 101
347 68
379 56
392 42
413 44
439 44
429 27
432 17
370 11
391 24
398 5
349 1
472 4
480 6
491 10
526 10
568 51
546 47
444 229
493 219
745 74
679 5
693 26
711 30
757 9
645 1
585 10
596 26
565 18
