80
107 502
164 427
239 260
270 260
359 200
387 183
530 248
545 189
602 215
703 256
765 267
13 187
30 203
48 192
31 194
73 205
76 192
92 187
112 185
119 210
125 180
155 172
175 185
165 197
200 183
194 170
207 193
227 203
214 174
230 172
242 166
254 168
249 177
272 157
293 160
301 153
320 163
327 151
350 144
354 168
374 162
377 146
388 151
416 133
416 156
439 160
438 135
459 133
471 125
500 139
493 126
478 166
508 128
524 143
530 130
548 117
565 140
571 133
575 124
597 117
613 115
622 121
651 153
691 156
641 102
645 121
662 111
676 105
670 114
690 102
718 111
739 112
717 99
698 97
723 94
732 90
743 74
743 90
758 78
764 87
