93
149 371
126 353
186 314
288 319
59 250
105 236
120 246
45 201
20 94
1 25
4 15
54 13
62 18
78 24
62 41
50 50
58 71
86 31
82 42
101 49
95 59
106 56
121 58
129 54
133 40
146 30
119 85
136 91
116 164
38 119
144 174
166 143
165 110
180 116
171 89
168 66
163 52
152 57
157 44
174 36
184 35
191 24
218 20
213 58
202 55
204 64
192 66
211 94
220 98
229 94
220 67
195 106
199 126
233 103
240 114
250 111
252 81
267 84
289 110
234 127
249 174
285 177
279 261
322 83
337 57
338 40
330 28
359 67
361 92
385 52
65 1
70 8
511 43
492 65
468 33
452 41
466 51
465 61
454 66
432 36
427 28
415 47
406 36
431 127
417 132
440 70
491 158
435 175
505 175
164 4
409 5
428 2
368 1
