203
364 557
691 558
337 249
8 260
97 231
130 204
77 209
127 185
146 185
135 156
116 174
108 163
93 171
70 173
29 178
7 180
219 191
262 197
254 185
279 252
317 209
346 222
356 221
359 200
341 154
329 159
317 147
228 150
251 143
259 150
270 149
315 134
346 142
377 151
194 80
196 80
196 84
199 87
203 99
212 93
214 75
233 97
214 120
219 120
222 127
239 127
260 122
273 128
279 126
295 130
319 117
335 103
356 104
336 115
332 113
340 124
356 130
362 115
110 106
374 103
369 115
387 133
394 122
400 125
405 110
401 104
429 111
402 137
406 146
391 151
438 140
444 140
481 100
418 209
452 210
479 188
512 192
515 174
505 129
500 99
499 73
508 77
514 75
516 90
491 63
495 62
516 55
504 56
502 56
527 57
543 68
556 57
497 57
542 78
536 77
526 74
522 72
555 67
536 90
533 94
520 93
543 97
559 92
566 93
569 85
572 86
450 94
603 50
613 49
598 60
580 68
601 66
610 63
615 73
601 79
595 81
591 82
591 88
600 89
607 87
605 97
588 97
649 89
643 62
655 55
651 45
650 41
654 44
654 49
587 104
598 109
532 126
469 90
546 124
554 139
627 126
625 161
655 126
651 106
661 106
664 91
682 78
676 116
678 105
692 123
695 135
703 137
702 129
696 105
703 99
695 114
700 53
694 48
662 51
658 48
675 50
681 50
679 47
689 51
706 48
709 52
710 46
718 48
719 56
721 53
725 44
723 41
685 50
717 86
720 78
734 78
739 81
746 77
756 88
767 87
759 75
763 69
761 56
758 53
748 52
744 56
753 49
748 43
765 47
762 41
736 41
734 41
729 45
733 52
729 54
516 130
619 199
561 178
566 158
559 151
533 147
652 185
669 183
708 151
721 173
738 168
269 169
58 96
