95
480 361
425 336
439 196
347 179
332 204
274 201
216 218
258 266
241 300
136 274
62 330
15 291
93 241
147 215
141 199
88 179
55 204
7 159
48 149
59 154
78 102
46 96
37 100
19 99
12 107
5 76
12 82
21 80
38 75
41 72
36 66
48 74
66 75
78 65
85 79
91 72
95 69
103 67
118 63
113 94
29 89
168 116
185 117
145 68
141 68
151 74
155 72
160 71
169 69
178 73
186 61
190 63
207 64
236 63
244 64
249 107
233 120
271 142
285 120
289 95
266 59
261 73
273 54
246 52
277 41
285 41
290 50
296 50
296 42
304 49
309 42
314 47
324 41
331 46
337 44
342 46
338 50
350 45
354 47
385 119
395 97
387 39
396 42
469 132
494 99
470 39
455 42
471 29
363 91
372 87
343 78
499 33
496 21
449 37
458 100
