99
18 403
308 260
362 244
301 169
251 156
289 92
299 62
324 57
332 71
412 180
404 98
394 69
450 64
429 90
501 101
524 153
547 106
561 144
557 61
582 63
610 87
654 71
672 69
711 97
739 65
701 115
629 198
565 219
552 465
601 423
457 322
642 369
700 341
756 304
752 176
727 176
762 233
218 135
40 155
12 45
64 31
227 75
85 26
122 28
141 23
26 135
218 24
208 17
238 18
245 25
256 20
270 21
279 24
293 19
187 2
517 45
500 43
484 41
465 52
598 28
553 26
637 32
646 53
656 30
669 32
671 53
692 42
721 38
755 43
757 55
354 114
580 8
588 5
506 3
482 24
554 5
461 16
479 1
428 3
442 22
420 15
440 4
424 26
411 53
381 32
387 17
381 18
397 32
333 8
352 8
340 18
353 22
328 33
352 41
311 12
326 16
292 2
259 5
274 10
