86
213 528
406 396
516 267
549 219
633 239
671 189
590 107
434 99
385 78
356 73
340 53
225 59
205 67
176 115
130 98
137 127
47 169
10 170
7 67
588 59
622 64
673 99
687 107
722 96
734 61
747 61
754 65
746 112
620 46
626 53
599 41
582 49
631 36
626 42
640 55
672 48
765 19
740 10
750 12
722 14
699 13
682 11
738 1
681 2
701 2
679 52
633 8
643 7
556 5
570 4
582 5
530 17
540 14
482 9
494 6
468 11
462 1
407 13
418 20
416 4
431 10
410 36
26 17
39 23
49 24
69 17
85 18
277 43
310 32
248 44
228 45
39 10
61 4
114 11
103 3
93 5
156 9
194 6
184 2
217 5
216 10
231 5
261 14
325 7
336 13
738 2
