237
77 277
102 262
93 227
117 199
71 170
143 157
159 217
182 169
335 322
308 223
261 167
266 157
291 137
257 127
270 127
251 137
228 143
237 124
388 232
404 164
448 214
499 79
497 106
505 95
493 113
502 127
473 107
473 95
470 85
484 70
461 70
455 91
449 101
466 131
437 133
419 121
368 124
397 137
349 118
337 131
314 106
337 85
352 95
367 86
380 86
358 82
361 74
356 64
347 65
349 58
361 59
394 70
386 79
413 70
443 70
455 70
443 82
439 95
319 71
332 64
335 76
328 91
304 91
313 92
294 95
275 95
246 101
255 116
227 100
168 127
150 122
164 143
186 140
125 118
104 122
40 101
28 91
43 91
30 68
18 53
36 47
66 64
90 70
93 82
68 101
117 106
134 106
161 79
132 82
123 61
144 41
152 41
161 47
167 53
171 47
174 80
183 26
177 29
188 29
171 6
135 26
125 11
185 74
201 82
210 80
228 70
206 53
236 44
240 53
252 53
258 47
239 38
276 39
276 47
246 74
258 85
291 59
285 53
300 53
484 97
73 46
94 42
82 66
46 75
54 73
74 100
142 87
310 150
291 117
285 118
326 108
283 80
282 70
272 68
245 39
166 26
177 43
133 33
131 39
122 27
113 36
106 39
96 32
78 31
67 28
189 2
184 2
153 8
163 9
163 1
144 5
129 7
107 12
98 7
91 7
87 7
57 82
21 34
9 35
59 32
134 58
151 52
126 45
381 56
372 62
371 68
394 77
476 74
299 69
120 3
105 4
167 21
221 24
226 31
230 27
229 52
216 49
244 51
249 48
214 30
198 26
239 9
248 12
9 316
260 229
266 185
95 134
54 109
12 64
107 89
184 101
191 118
200 126
54 48
64 44
30 50
52 57
41 66
76 75
104 53
113 75
141 68
116 43
186 44
191 76
202 60
197 43
212 38
221 66
118 18
148 31
23 72
113 11
185 5
196 7
149 23
147 9
174 17
107 21
41 58
130 3
93 20
279 34
286 36
298 38
324 54
311 67
266 44
249 20
392 108
401 96
405 80
425 89
418 86
417 69
425 67
431 76
