73
230 407
361 302
631 275
725 154
748 120
711 111
587 133
495 166
276 213
213 210
202 189
190 118
125 118
99 112
45 109
1 120
238 148
239 127
283 110
331 97
92 35
33 23
363 91
384 90
381 75
404 86
397 74
422 76
421 50
462 77
453 56
477 62
482 63
492 42
557 47
472 46
463 37
462 25
447 31
436 14
407 7
374 45
340 19
311 18
259 33
230 16
212 25
191 4
351 20
375 7
368 2
352 1
449 9
456 18
223 2
436 4
636 66
660 41
681 60
672 75
718 69
757 85
750 79
761 64
749 35
748 24
761 3
588 14
143 30
162 31
11 4
422 39
431 42
