89
119 143
148 143
106 112
194 179
266 171
233 108
219 110
271 104
298 119
332 132
337 114
443 173
404 99
482 193
463 102
493 102
521 102
567 181
558 224
608 205
682 191
652 521
696 27
723 34
732 59
639 7
674 11
698 8
749 20
765 27
619 73
652 71
592 78
581 90
432 68
437 52
514 62
537 52
89 90
95 86
108 78
260 89
270 88
277 76
266 73
271 51
339 61
14 20
32 24
43 31
7 7
74 6
86 5
103 1
118 7
135 18
157 13
374 91
376 52
402 43
344 35
425 42
439 31
423 12
458 21
465 20
432 14
298 31
334 12
339 9
484 6
503 4
492 15
509 29
521 40
555 36
536 102
526 9
544 17
550 3
602 9
624 11
594 16
665 2
750 515
90 125
80 118
33 1
152 3
