185
64 551
23 506
29 361
9 323
177 396
252 380
267 293
324 283
438 361
507 333
698 220
734 170
624 170
621 110
566 125
652 101
699 125
722 79
702 69
766 23
758 9
713 11
630 16
628 7
599 48
599 77
567 60
486 84
549 28
491 5
475 14
428 13
413 57
418 68
444 80
444 64
419 125
309 117
277 126
279 176
258 191
189 184
193 128
152 113
124 170
118 221
39 199
26 231
2 181
48 149
8 105
22 95
19 68
3 28
10 13
23 16
43 4
43 40
60 63
129 41
117 55
162 69
212 44
217 31
283 71
279 53
266 14
306 6
311 71
306 57
374 55
384 36
390 13
410 1
190 44
474 24
119 45
60 75
47 6
52 11
60 12
23 6
17 9
274 8
350 16
346 11
351 46
379 34
381 15
375 9
372 2
223 9
205 52
104 11
92 10
231 21
245 102
261 81
237 152
328 5
326 17
315 17
321 34
327 43
292 36
299 44
210 29
506 18
515 18
530 39
245 59
225 45
209 3
189 1
425 102
692 15
647 17
753 61
760 99
66 271
75 133
114 131
121 74
129 74
88 53
93 54
50 66
41 61
80 49
33 78
65 5
100 3
113 8
116 5
92 25
95 20
99 33
105 36
122 32
160 29
178 25
321 51
304 73
353 62
366 40
365 17
355 2
137 85
286 16
276 24
261 45
248 4
231 3
243 3
256 1
189 23
519 65
560 40
561 30
568 25
593 97
422 94
626 78
617 5
639 2
554 157
596 192
561 247
654 251
720 10
712 56
703 38
744 23
751 22
735 34
511 2
505 1
529 1
541 32
513 43
412 14
181 12
209 74
218 75
196 62
