117
33 215
8 190
10 181
20 185
57 155
60 165
69 161
85 160
91 162
72 178
82 175
76 175
76 206
109 201
125 177
117 174
122 171
108 180
113 179
105 267
106 206
263 320
236 325
244 299
402 308
186 262
285 241
287 220
326 237
420 226
439 209
480 218
508 221
497 216
508 227
491 350
447 340
430 325
414 315
400 289
464 308
273 217
340 213
332 213
390 205
374 208
415 196
433 202
349 209
296 212
308 161
298 158
320 152
355 154
362 151
371 155
411 205
444 149
459 155
448 144
462 144
464 140
472 145
481 151
494 147
483 160
499 143
509 143
485 136
432 131
425 143
417 141
428 148
422 146
419 152
414 156
402 158
411 151
385 160
471 141
479 138
498 129
490 144
374 150
381 145
377 145
145 216
141 203
157 204
167 206
177 212
179 198
194 197
219 193
231 192
215 186
237 165
251 157
256 150
265 164
263 158
239 152
247 140
256 141
262 145
265 137
291 152
282 141
301 153
297 150
291 146
278 139
310 145
294 141
295 135
284 138
272 138
