137
220 410
243 391
143 328
101 231
44 249
128 235
181 245
245 232
319 215
354 226
477 256
489 288
554 279
603 301
645 386
686 240
663 191
615 198
589 161
567 155
461 185
424 182
432 165
356 152
326 152
298 146
303 133
366 132
392 132
431 120
439 115
452 114
482 122
492 123
521 132
502 109
532 117
219 173
277 164
199 186
69 167
54 195
81 156
199 134
244 126
271 125
31 195
29 159
15 126
29 126
29 113
86 122
110 111
128 105
186 127
166 122
208 116
264 112
286 117
267 120
570 112
583 115
592 112
597 112
616 117
650 126
640 127
638 110
626 102
654 102
550 97
546 110
555 107
559 103
560 113
612 103
660 103
663 111
671 127
673 107
689 102
683 90
706 97
707 89
708 121
719 114
695 131
700 140
727 147
700 92
738 104
735 120
740 127
748 117
753 109
728 97
728 91
733 89
729 83
726 86
733 72
738 73
734 81
740 81
741 86
743 85
740 97
717 92
720 96
723 107
759 113
757 94
752 91
755 82
746 81
761 86
762 83
749 85
745 158
755 140
722 240
45 127
197 95
323 93
331 91
92 87
98 136
82 94
8 83
2 80
354 81
360 78
347 88
374 83
367 86
1 130
148 109
