340
39 460
218 530
125 411
134 352
88 357
49 287
218 340
204 304
116 272
318 402
352 345
430 369
437 464
387 521
313 572
710 545
633 572
662 442
644 348
684 269
753 261
647 234
596 256
613 309
582 314
506 314
493 284
490 185
474 217
373 250
209 238
180 217
158 200
134 234
41 206
55 184
77 173
45 168
7 154
19 150
42 142
234 177
268 221
269 198
269 177
285 149
314 156
320 154
328 174
348 154
362 207
385 187
402 207
410 166
430 154
440 168
472 180
489 142
458 133
539 150
712 149
740 130
750 114
728 114
727 91
737 79
749 52
730 47
725 39
766 27
670 7
660 7
607 13
583 11
568 11
518 61
548 71
556 53
548 92
591 104
605 79
611 50
597 49
585 51
635 64
642 52
656 55
663 66
672 56
678 50
709 71
708 58
470 104
474 94
477 63
471 59
458 56
449 67
440 75
432 61
429 48
424 66
411 78
411 93
414 105
402 122
710 22
359 120
382 110
386 87
369 94
368 83
367 58
381 70
394 56
354 35
368 29
383 28
332 23
361 22
376 14
355 5
327 22
347 63
325 33
334 85
323 83
301 72
285 60
278 60
270 30
284 28
282 87
275 73
274 109
284 111
291 104
299 99
300 114
290 141
248 130
236 118
244 90
240 82
246 76
253 70
191 125
224 138
208 110
218 99
216 87
234 71
162 122
168 115
160 99
158 89
131 108
136 123
121 110
126 87
136 83
118 80
109 85
96 98
90 86
85 83
83 94
72 85
66 85
65 90
60 90
68 93
83 108
93 124
61 109
50 107
39 94
16 95
29 118
42 129
20 137
10 126
1 71
10 78
6 68
4 65
9 64
12 63
17 69
19 61
20 66
25 67
30 66
33 63
34 59
37 61
43 70
36 72
44 64
27 72
31 71
58 70
55 71
65 70
68 64
58 63
61 60
65 54
71 80
89 78
85 77
86 73
82 72
94 74
88 67
87 55
82 56
83 49
81 46
84 44
88 50
95 50
74 49
68 47
64 48
73 60
75 58
58 53
61 51
54 50
50 54
47 47
44 52
41 54
47 55
46 58
34 54
29 53
26 54
24 55
18 54
14 57
12 57
24 62
6 58
5 60
2 60
1 63
22 55
8 59
13 59
9 72
54 67
51 64
51 59
55 56
98 52
92 63
100 76
112 82
110 73
115 76
116 70
112 61
107 64
110 50
115 52
120 62
119 57
112 57
127 54
138 50
142 50
134 56
137 55
138 69
130 64
125 76
150 50
160 46
163 46
163 42
156 38
168 61
156 64
147 60
184 61
170 49
172 42
177 41
177 39
185 49
184 45
184 42
187 42
190 39
190 48
195 51
196 45
199 41
197 38
206 63
208 60
204 61
214 42
216 36
206 43
205 47
162 54
226 44
229 37
228 30
233 36
236 33
240 34
245 29
250 32
265 34
270 32
279 29
266 50
259 51
245 62
237 47
236 55
3 181
49 84
80 53
66 50
120 42
152 88
173 91
104 111
110 93
102 126
113 122
150 127
488 212
524 190
532 158
