344
71 366
50 264
67 272
126 300
188 373
304 361
346 376
490 380
553 429
539 299
635 318
674 229
388 216
240 287
273 274
247 246
187 241
191 215
63 204
38 201
7 150
25 147
56 134
114 170
95 193
128 201
140 141
183 151
217 145
263 140
285 137
221 129
300 184
307 147
318 144
355 136
3 115
23 120
34 126
32 112
41 95
72 116
14 65
6 69
9 25
34 14
36 24
40 21
43 17
46 14
50 13
53 11
24 46
34 61
27 69
43 77
51 86
60 98
67 78
55 71
72 67
88 81
82 74
100 73
96 74
91 108
72 100
57 114
101 104
113 107
113 98
116 85
120 70
129 107
135 108
137 122
149 125
142 103
164 116
170 108
163 104
168 92
157 70
150 75
159 64
172 67
166 51
177 42
177 54
180 43
187 77
180 72
187 86
191 64
191 100
175 42
204 114
194 89
197 63
223 107
213 195
224 196
264 121
286 114
302 108
314 100
332 112
363 117
360 98
366 98
359 90
373 92
274 104
245 93
224 78
195 40
205 39
211 69
213 73
219 58
224 71
233 68
238 74
212 52
214 44
210 37
226 33
234 33
238 35
242 33
246 35
246 32
249 35
255 37
257 36
254 41
262 41
262 36
265 38
269 41
277 42
277 47
271 51
258 52
253 55
244 66
242 73
255 78
253 69
260 71
273 73
275 82
268 99
261 105
257 107
264 109
308 83
285 80
312 76
315 80
325 83
333 58
343 57
329 56
325 54
318 54
320 54
313 53
308 55
308 62
303 62
285 61
274 55
271 64
292 56
299 54
291 48
286 46
284 39
311 69
399 73
399 86
403 117
427 114
434 103
439 112
458 136
461 101
197 95
473 145
481 148
480 171
475 129
483 121
479 112
482 101
487 111
506 115
522 125
538 135
532 111
525 106
558 110
555 102
491 101
485 85
473 81
408 72
401 50
412 56
423 54
416 57
420 55
441 56
419 74
421 78
434 78
439 77
477 74
491 66
499 70
504 70
504 76
500 81
505 83
503 88
561 86
552 83
557 77
552 70
545 61
551 56
558 57
555 67
558 64
561 69
567 75
566 69
564 66
564 64
571 66
641 113
626 117
629 132
689 149
733 154
738 165
736 199
679 122
673 127
739 131
748 142
755 139
767 156
763 120
742 114
717 117
705 118
651 91
650 82
655 85
656 80
660 84
665 88
668 87
676 89
673 105
682 106
676 108
688 104
692 109
698 109
704 110
712 106
722 91
730 97
750 103
764 104
757 91
752 91
749 87
745 84
736 86
738 86
740 80
746 79
751 82
757 79
756 83
763 77
763 88
758 87
751 74
734 79
730 82
729 89
714 88
716 95
703 90
695 88
690 90
683 87
709 90
708 79
714 75
722 79
718 78
725 72
717 73
707 73
707 70
704 72
698 76
700 83
697 83
693 81
690 78
701 79
685 77
680 79
676 81
665 82
668 80
669 76
662 78
658 72
652 69
669 63
671 72
664 75
668 73
679 67
674 71
676 72
686 68
687 73
690 69
694 66
691 64
696 70
700 70
617 87
617 102
273 119
