73
434 353
293 296
335 262
326 226
255 260
265 212
219 204
184 223
157 230
137 261
112 192
154 191
118 260
66 336
64 199
47 179
2 96
1 58
10 45
29 80
53 58
66 58
92 55
80 54
116 57
117 74
116 85
83 103
56 107
95 155
150 148
172 144
209 102
187 98
184 63
222 55
227 82
243 51
277 75
285 74
316 91
285 139
290 164
237 151
218 170
220 146
222 139
222 125
222 112
344 143
352 159
364 143
345 93
348 65
330 11
299 21
356 10
393 7
412 14
385 71
435 71
460 84
475 56
483 122
487 176
499 209
419 218
407 189
435 171
411 152
386 155
346 196
440 360
