165
221 322
213 263
171 241
57 262
125 196
48 170
7 224
282 280
350 127
358 112
344 97
326 97
383 103
397 101
425 116
487 143
473 122
509 164
485 209
479 74
479 55
467 15
458 2
446 5
442 49
413 58
400 82
442 89
356 97
386 58
386 5
328 23
278 21
293 6
272 5
261 5
206 27
174 18
165 30
134 27
138 11
126 20
99 18
102 23
63 39
89 39
108 38
59 79
43 49
4 42
197 139
113 131
10 149
37 30
68 33
69 17
130 15
125 29
144 37
163 22
179 20
186 20
210 34
234 31
215 7
209 18
234 21
251 27
262 41
254 45
262 23
257 12
267 10
300 9
288 5
307 12
312 12
327 14
327 9
356 10
356 4
371 7
366 14
390 17
386 11
408 7
401 7
230 3
421 2
439 9
444 19
423 16
461 8
476 4
470 2
502 54
360 64
381 68
445 107
46 144
103 120
185 141
249 188
427 168
215 28
322 7
490 21
484 9
491 5
447 260
100 192
77 78
102 103
99 82
110 55
147 51
14 57
21 39
30 42
69 26
83 24
98 32
86 71
114 20
151 25
140 26
186 33
191 49
355 21
373 20
316 121
293 126
294 101
326 62
309 29
319 19
346 6
339 13
297 22
260 98
234 143
231 109
170 97
203 178
183 170
191 340
8 359
155 193
289 216
313 207
343 230
196 39
203 40
249 8
230 45
244 16
240 4
254 4
273 21
280 10
274 11
212 14
223 18
222 22
193 107
