90
488 334
491 376
437 230
564 207
595 203
603 180
650 159
701 222
659 271
733 282
567 146
553 118
506 118
465 129
301 201
230 193
238 176
252 151
272 142
174 178
192 153
193 111
137 142
138 166
98 138
75 134
8 144
43 210
92 78
97 67
108 72
75 69
248 41
272 81
250 107
262 119
305 77
315 63
346 47
343 59
318 80
320 73
342 101
362 74
372 84
405 113
415 107
437 113
443 101
415 69
392 26
434 73
452 75
460 53
442 55
447 41
438 39
459 30
472 16
479 49
486 35
492 30
501 15
510 1
506 27
524 12
540 8
537 1
625 1
542 33
523 46
519 47
515 82
529 80
553 63
631 45
648 51
650 66
688 60
690 10
697 12
667 5
655 6
640 6
641 1
712 10
722 10
736 14
730 1
534 260
