98
237 368
161 372
266 342
321 381
443 371
316 326
362 305
414 287
381 266
357 227
82 249
14 235
2 211
44 201
84 184
56 181
49 173
105 149
75 152
62 149
57 136
51 127
86 134
125 127
151 120
143 137
154 156
189 159
188 132
233 162
222 162
227 205
258 177
275 171
267 153
291 140
307 137
282 183
293 190
311 194
402 242
409 221
454 221
468 193
463 168
446 118
394 117
350 178
333 116
304 117
20 136
21 65
21 76
45 67
59 72
84 70
99 72
121 72
129 65
148 65
158 77
167 75
168 64
176 64
179 70
191 72
198 67
197 63
211 67
221 75
215 78
227 64
258 66
267 71
280 68
334 92
354 96
327 63
351 58
390 64
427 109
483 139
461 74
443 69
434 70
431 59
463 61
481 58
334 52
435 44
455 37
470 34
496 36
496 127
272 55
254 50
324 294
403 194
