142
704 473
591 571
535 414
523 350
623 257
710 200
569 152
463 215
410 193
362 180
345 151
346 131
349 72
212 166
137 343
106 500
94 165
82 145
143 116
148 81
115 101
88 86
42 133
30 53
83 49
87 29
74 28
78 12
85 12
33 10
5 1
24 52
145 28
155 32
168 26
152 16
133 18
123 25
218 51
295 42
284 89
250 95
189 10
175 6
143 4
201 23
242 7
252 6
357 12
346 182
162 45
674 107
644 83
656 67
634 54
665 46
704 55
720 42
700 35
707 18
694 22
762 104
725 141
720 108
757 20
736 22
726 3
650 4
607 22
603 32
585 25
593 3
580 6
575 9
572 50
553 55
536 59
516 67
513 51
556 21
474 2
433 26
427 15
395 8
409 22
448 65
485 104
630 29
549 93
583 74
613 95
60 18
9 5
3 5
3 13
16 44
112 32
46 29
57 38
54 45
65 51
15 11
38 3
3 30
5 69
28 94
2 120
39 106
4 141
90 276
207 258
244 242
218 205
219 153
239 49
249 47
259 49
269 40
330 17
336 5
231 19
213 22
137 35
56 19
55 88
561 32
413 11
453 54
477 39
486 1
517 2
524 2
540 1
511 5
756 86
755 63
719 120
654 82
594 73
741 10
616 10
627 7
