188
201 451
18 412
5 437
67 454
81 356
54 349
29 259
50 271
138 301
159 303
181 266
197 262
201 249
357 281
191 199
90 234
107 236
62 209
67 207
25 200
10 170
35 165
53 189
69 192
81 188
98 183
91 186
123 184
141 182
142 176
136 176
162 180
164 174
157 155
150 160
149 155
145 153
178 173
182 180
190 178
173 135
168 157
185 140
183 135
190 135
187 133
217 173
213 173
227 175
220 150
215 155
209 154
198 156
201 151
194 139
195 132
215 131
308 179
343 169
332 144
315 130
354 120
352 124
359 157
377 149
376 159
409 161
390 142
392 136
399 139
368 129
426 116
429 124
436 120
448 120
452 121
438 134
446 131
441 131
441 154
466 150
478 132
472 130
475 128
465 135
469 134
463 200
464 154
581 240
561 244
567 224
685 231
524 197
597 180
599 165
628 177
699 169
713 156
744 164
765 165
757 162
765 170
752 263
719 255
706 244
694 236
684 217
732 231
589 163
639 160
633 159
677 154
664 156
695 147
708 151
646 157
606 159
615 121
607 118
624 114
650 116
655 113
662 116
692 154
717 111
728 116
720 108
730 108
732 105
738 109
745 113
754 110
746 120
758 107
766 107
748 102
708 98
703 107
696 106
705 111
700 109
698 114
694 117
685 118
692 113
673 120
737 106
743 103
757 97
752 108
664 112
669 109
667 108
492 162
490 152
501 153
509 154
516 159
518 149
529 147
548 145
557 144
545 139
562 124
572 118
576 113
583 123
581 118
563 114
569 105
576 106
580 108
582 103
602 114
595 106
609 115
606 113
602 110
592 104
616 109
604 106
605 101
597 103
160 144
202 129
200 129
219 131
588 103
