108
251 517
350 475
571 478
573 395
591 339
452 236
385 271
399 319
346 271
337 238
306 202
375 200
239 274
196 265
211 241
160 225
37 210
52 205
169 179
187 167
194 162
181 155
200 112
257 136
268 116
395 170
362 129
375 120
403 94
428 128
440 124
444 160
490 139
481 102
469 95
314 113
326 112
336 89
323 163
306 179
297 150
285 141
536 83
559 175
579 175
605 134
592 123
555 116
551 95
558 94
570 83
586 99
614 101
609 72
621 60
615 55
616 45
608 51
688 244
721 239
745 265
763 212
754 128
725 121
663 153
646 175
645 142
377 19
415 17
425 16
427 17
436 14
439 16
462 16
445 5
465 12
543 9
565 12
571 11
574 5
579 9
589 7
653 8
643 53
644 59
647 65
634 78
634 93
640 106
645 117
650 82
657 60
658 46
669 42
678 43
687 55
693 43
701 42
701 49
707 67
750 78
756 98
736 32
729 36
727 2
689 1
684 1
755 35
