130
99 542
224 476
322 335
719 520
743 246
605 195
535 209
434 231
362 137
469 139
497 136
509 129
506 107
524 97
600 95
678 154
693 105
752 83
383 95
366 85
360 56
487 64
493 69
524 40
545 37
550 25
576 23
594 27
658 11
700 9
271 5
274 5
277 3
280 13
284 7
295 23
292 30
301 18
302 26
300 14
308 7
311 23
313 28
351 8
333 25
359 27
372 22
380 1
384 7
377 12
381 15
387 13
393 11
398 11
393 23
402 25
363 59
359 43
411 17
417 24
409 10
407 4
420 8
425 7
425 1
435 2
436 11
430 18
434 29
442 16
446 5
456 9
468 8
468 1
466 19
466 12
456 27
457 22
450 26
473 36
477 21
482 11
488 6
497 1
505 19
498 34
509 32
528 28
528 19
538 26
546 16
553 17
527 4
515 2
317 376
401 40
519 80
453 151
321 129
411 138
615 106
572 96
578 84
738 3
765 41
292 5
319 26
334 1
339 5
386 50
407 49
378 47
415 38
395 89
323 417
535 41
378 92
572 21
585 1
624 22
709 21
742 17
680 8
643 44
642 16
725 16
720 5
506 65
462 58
479 46
