93
303 315
502 323
421 263
397 225
313 249
237 287
172 314
227 256
268 204
284 164
255 166
253 145
268 120
239 115
231 100
224 129
201 154
187 145
144 126
145 115
114 133
85 123
64 111
54 93
5 108
305 141
291 117
304 108
292 98
351 178
413 136
366 117
382 108
498 123
458 126
457 138
57 84
73 72
57 30
27 19
119 27
149 38
157 47
203 53
214 24
198 26
230 33
241 28
12 17
3 10
28 9
71 11
73 9
115 9
64 56
102 124
401 47
409 45
406 23
419 29
456 24
463 31
471 33
482 45
487 19
494 28
497 73
353 189
499 19
446 13
437 3
467 5
462 16
494 9
501 5
479 2
487 2
30 89
278 20
288 22
270 14
289 64
260 64
309 17
318 22
296 26
354 35
367 43
204 27
378 9
91 21
111 25
106 27
