82
287 371
303 278
169 195
190 192
273 244
287 225
311 215
361 233
444 225
295 182
380 215
380 181
367 182
453 171
381 148
386 136
390 124
355 147
341 138
339 128
285 171
271 139
241 114
230 105
208 114
194 104
124 126
121 89
107 85
147 107
166 108
139 65
111 50
118 54
105 34
121 45
126 44
133 37
147 49
151 42
147 36
192 39
218 60
222 97
211 102
184 105
265 63
272 65
269 84
275 110
302 98
319 79
341 73
363 57
352 23
385 23
389 19
377 72
380 63
407 122
427 95
417 79
422 79
424 74
434 76
462 87
472 39
456 44
475 44
449 98
470 136
496 88
498 80
500 106
510 111
46 77
79 55
85 53
501 45
307 254
200 107
272 78
