129
71 275
2 551
357 446
411 395
554 519
326 306
291 286
238 252
221 231
214 248
258 245
324 252
358 269
356 248
346 227
287 227
317 222
355 210
461 252
500 249
571 235
638 279
695 284
714 247
668 252
619 235
604 230
669 193
744 176
757 200
699 161
643 174
613 185
604 201
595 197
560 201
564 183
566 171
492 178
477 164
425 183
396 192
406 198
403 181
412 181
408 143
413 142
438 137
387 117
365 116
360 110
375 111
372 104
362 97
383 92
387 90
407 97
427 88
411 90
411 87
415 83
438 83
442 83
398 84
433 114
440 97
482 98
481 112
489 128
400 92
373 99
502 102
518 145
529 140
536 138
551 138
553 132
489 94
483 91
487 90
491 91
504 87
508 87
496 89
522 90
528 92
531 87
535 89
543 91
544 86
552 87
552 96
563 95
567 87
564 104
574 104
579 92
591 95
585 107
614 128
659 150
656 138
663 129
666 116
651 116
755 120
766 122
767 110
750 107
741 107
723 116
721 111
714 113
704 108
706 101
692 99
694 109
680 102
680 97
665 95
654 94
631 95
620 96
620 88
612 80
608 80
36 294
420 89
404 90
