257
353 363
558 384
733 401
733 332
694 304
620 298
616 248
637 206
705 210
758 266
758 179
740 176
714 155
723 124
743 98
751 70
756 57
755 42
762 5
743 11
737 23
743 45
728 71
713 102
645 128
664 151
627 173
570 188
622 69
638 72
673 67
684 56
676 45
335 285
320 262
257 260
188 262
178 244
165 225
146 238
118 208
74 225
179 197
175 165
219 194
240 122
283 70
277 64
298 69
310 73
326 77
334 81
346 81
361 69
375 89
420 57
464 100
437 101
408 197
377 189
346 171
347 201
325 187
288 208
296 183
305 152
327 119
360 108
405 127
408 95
213 78
210 91
205 82
201 78
179 78
179 88
194 95
163 116
149 106
139 119
55 83
34 152
61 168
71 164
157 161
146 156
117 191
439 200
514 196
532 171
499 160
486 147
491 119
506 95
534 90
547 83
575 89
577 80
558 71
490 44
476 57
478 73
473 78
501 73
556 113
603 66
588 61
667 84
698 52
675 90
702 140
459 139
444 139
420 130
410 139
4 172
155 188
235 104
737 57
638 62
540 150
433 168
311 87
302 94
652 29
606 43
613 46
623 40
604 57
627 59
625 54
634 50
646 46
676 40
673 29
723 37
726 30
748 35
759 26
757 13
765 19
721 52
690 91
728 96
592 106
650 58
39 81
23 74
17 75
10 74
166 77
163 85
170 154
763 45
394 44
399 33
401 31
385 14
340 68
342 63
361 58
319 93
355 68
389 74
429 67
440 96
425 103
422 93
342 78
255 92
248 62
250 50
296 95
257 124
265 99
344 155
560 177
569 134
538 133
152 135
226 371
52 181
4 96
23 98
54 105
82 80
58 80
368 466
128 225
163 174
53 79
112 123
171 217
177 137
130 141
124 119
93 172
115 162
18 146
275 85
305 86
264 92
248 89
251 113
253 107
409 155
444 182
438 66
304 123
481 69
482 62
483 52
504 54
500 64
522 77
525 60
535 55
533 69
392 122
482 187
566 220
173 171
557 200
594 168
584 138
582 111
609 117
601 114
627 93
632 105
649 110
541 119
509 150
496 25
498 19
502 23
543 45
555 51
322 112
566 84
577 68
509 44
667 60
664 121
679 104
727 157
753 123
660 32
668 27
684 30
710 15
714 21
728 12
727 21
721 22
711 50
731 46
