98
295 381
386 350
433 338
445 283
500 268
337 176
316 169
404 163
434 162
444 175
314 185
326 180
347 178
372 170
463 183
480 195
481 224
410 240
402 272
378 257
350 263
315 265
340 227
318 214
342 216
350 212
357 204
338 194
381 207
364 219
392 230
427 216
443 202
485 325
411 201
413 183
417 171
397 182
392 172
431 202
440 193
248 280
270 238
290 212
281 187
262 187
243 224
291 255
383 318
63 337
98 318
95 297
123 294
155 294
186 304
225 294
209 248
234 252
243 251
196 223
180 246
148 231
179 214
205 200
237 191
190 187
166 156
154 152
144 156
129 156
103 163
114 179
21 322
52 290
8 287
55 263
118 232
135 238
155 228
175 209
168 251
238 236
102 223
100 205
130 202
137 205
153 190
215 201
103 187
102 179
94 193
85 192
71 191
89 207
88 222
58 205
49 210
368 176
