89
7 186
18 157
28 161
51 141
87 144
122 134
141 136
157 144
170 116
196 118
214 155
225 163
184 172
224 273
258 294
477 423
500 468
346 252
318 241
369 224
391 203
374 178
389 220
414 239
330 141
316 186
279 166
279 141
292 136
281 129
261 127
351 94
376 95
411 123
412 114
435 108
453 136
429 136
447 170
473 159
478 146
466 139
471 132
527 244
523 220
636 254
634 206
663 203
598 206
569 189
531 176
514 125
538 138
564 141
592 151
652 172
681 185
765 174
767 149
749 132
738 118
725 125
725 114
720 101
709 113
693 97
486 98
496 92
509 94
529 107
563 64
602 114
612 111
621 127
651 133
651 155
686 131
702 137
676 109
656 107
647 101
660 84
670 93
714 72
750 80
734 86
738 86
744 86
636 145
