153
375 561
172 272
235 300
282 263
238 218
164 162
5 154
366 234
493 292
547 317
665 378
685 270
558 259
505 156
678 197
719 221
734 202
363 119
279 126
24 78
58 85
89 78
16 55
61 44
63 10
91 51
105 69
106 22
125 14
136 46
142 59
164 45
148 13
196 47
204 82
227 88
229 71
248 74
308 98
285 36
299 40
319 31
266 17
291 13
305 1
346 12
353 17
357 11
349 2
380 26
347 77
373 107
383 99
400 100
426 99
436 114
423 84
418 68
391 63
377 71
388 28
400 22
402 32
417 41
427 45
360 1
379 1
396 1
413 12
432 16
426 14
428 24
441 26
433 60
441 16
437 6
453 18
470 82
454 56
471 59
478 73
465 42
482 49
486 36
498 60
512 60
529 63
521 54
504 30
485 14
466 12
497 18
508 15
550 61
553 68
578 68
596 83
575 51
542 46
511 24
523 20
525 25
541 23
538 35
561 30
561 39
569 43
579 33
573 10
574 4
579 18
591 35
603 35
599 9
611 13
615 9
616 2
597 31
635 43
643 47
641 9
646 5
655 13
655 21
670 14
667 20
717 27
669 38
663 51
657 62
684 60
696 64
656 108
659 139
682 148
679 108
703 98
715 91
715 196
751 67
736 28
731 22
728 17
725 10
734 10
747 24
753 18
758 27
763 19
767 57
756 3
589 4
33 2
