227
418 203
428 168
483 267
601 279
628 194
654 190
686 149
732 186
691 82
683 67
713 63
716 44
736 26
734 19
700 2
692 1
685 6
679 1
685 25
663 19
665 7
651 8
652 18
637 18
637 7
590 1
563 5
567 10
577 25
589 54
591 70
595 92
645 57
661 50
635 43
537 51
550 61
562 48
560 26
520 8
528 30
540 37
540 71
544 85
504 22
485 5
489 3
478 1
472 1
476 8
461 5
454 5
444 4
439 9
444 12
445 33
405 7
386 7
381 1
368 19
372 29
362 44
430 59
473 72
451 87
378 79
701 277
724 264
342 5
297 90
282 72
276 61
202 17
207 14
160 18
219 147
152 247
137 271
320 201
321 179
350 240
349 120
271 365
396 490
692 446
588 383
753 76
748 44
761 35
755 2
744 95
48 319
547 23
511 10
504 1
529 5
532 10
554 2
344 61
345 46
345 2
359 16
382 4
166 222
225 183
90 18
197 21
194 18
198 11
204 13
203 9
210 10
218 14
219 30
215 44
230 44
146 24
156 9
159 13
164 16
154 23
196 16
216 3
213 5
257 49
288 238
322 268
287 224
251 72
282 85
306 82
301 64
318 56
331 87
349 84
486 60
498 66
506 62
514 67
525 53
491 35
496 35
491 18
421 19
391 12
378 44
367 31
376 24
417 13
392 8
396 4
409 4
405 1
400 1
389 2
374 1
421 4
432 8
433 21
412 63
418 53
425 39
431 33
448 19
368 3
358 1
383 23
388 18
392 22
396 64
364 65
352 31
365 86
464 197
505 192
529 199
326 170
765 353
457 53
465 58
460 16
521 22
538 16
518 29
549 8
552 14
568 17
547 1
584 10
576 2
572 34
554 22
613 25
597 10
623 1
619 10
607 10
599 21
589 29
671 49
692 20
682 14
707 4
725 11
735 5
720 7
740 58
703 46
601 57
677 137
720 131
631 88
640 107
478 100
515 105
542 226
404 149
418 121
373 323
544 467
642 505
609 67
412 86
426 94
470 54
460 98
442 55
