102
124 359
23 337
134 291
467 382
317 302
327 275
219 260
204 217
94 200
57 230
14 256
25 155
72 161
98 142
111 129
138 152
190 147
199 108
146 109
269 127
279 146
277 96
335 95
365 116
413 127
408 201
503 191
499 51
492 38
488 29
471 51
461 18
437 29
418 24
432 99
418 81
408 76
402 68
408 38
391 26
386 33
386 46
346 50
380 73
279 68
276 55
295 43
311 70
310 55
316 35
337 29
348 29
402 7
3 109
24 107
54 100
41 81
15 68
3 34
39 51
33 26
8 6
33 4
42 11
62 45
85 58
70 34
79 12
63 9
93 17
91 6
122 12
142 45
132 40
130 61
183 39
190 51
186 65
229 34
253 42
276 23
259 19
261 6
292 6
318 12
329 8
350 7
379 3
224 14
155 12
155 29
132 2
280 6
400 21
426 17
430 41
444 66
469 32
386 288
263 379
189 9
292 27
