96
139 317
85 270
306 250
292 238
266 230
255 226
291 213
159 282
378 245
413 204
471 236
438 309
433 179
356 162
340 162
154 181
85 166
32 189
112 156
106 143
84 148
71 159
76 135
112 129
45 119
62 84
84 84
23 188
119 130
102 75
146 74
127 71
130 43
177 72
167 115
152 108
138 109
128 103
139 126
148 117
181 120
207 133
233 91
244 97
256 115
289 130
306 119
335 113
342 111
349 87
319 54
337 45
318 42
316 36
357 54
383 54
371 84
396 92
390 95
386 76
407 85
407 115
388 122
422 84
435 133
426 116
436 103
437 94
423 54
427 45
440 45
430 37
453 40
474 42
460 54
470 67
445 65
447 82
460 85
469 87
473 93
484 84
483 72
501 88
499 102
506 77
508 74
510 128
30 334
36 163
49 175
91 128
134 69
147 65
463 64
480 57
