97
227 341
2 341
46 244
92 218
177 184
182 164
163 159
204 166
443 215
490 116
396 145
368 146
353 163
333 159
321 145
281 155
292 123
303 126
281 123
278 90
281 76
291 59
193 56
212 88
103 39
121 28
114 30
123 24
140 30
146 29
153 24
146 21
138 19
161 21
167 19
278 44
279 36
322 91
337 84
348 79
371 77
374 75
445 55
470 86
475 69
506 52
489 41
393 27
154 27
93 46
118 24
117 19
184 23
194 17
175 12
184 12
189 9
199 6
195 8
269 18
271 10
277 10
269 5
266 5
262 5
263 4
283 2
301 14
270 24
271 31
308 32
324 13
308 18
325 8
317 10
337 4
341 8
345 4
336 27
347 35
363 34
367 13
373 26
384 29
386 9
421 8
438 9
464 19
463 14
480 5
492 7
494 5
500 13
510 18
500 8
510 10
511 40
