151
85 570
123 547
129 525
189 496
229 487
303 476
352 521
376 501
379 543
311 572
556 402
528 392
603 377
650 388
665 386
650 346
637 335
654 333
532 345
537 340
534 331
445 365
409 374
401 378
302 365
327 365
342 372
349 366
336 352
340 333
341 329
291 361
294 366
283 355
275 356
444 314
483 319
485 315
508 322
480 316
409 314
380 306
357 318
342 318
335 321
341 316
567 315
580 318
594 322
612 329
594 305
578 302
568 306
567 300
546 301
407 361
657 261
650 264
649 262
643 268
645 267
637 277
632 277
632 274
643 281
645 278
639 279
654 283
663 283
643 289
636 284
618 301
622 302
621 307
623 318
609 300
633 312
632 325
633 319
644 325
641 322
648 302
665 299
660 296
586 299
642 259
605 257
677 333
562 263
567 275
563 272
553 271
548 272
540 275
534 270
531 279
540 291
551 291
555 299
523 290
530 290
529 291
523 277
521 273
525 269
519 273
502 276
490 271
490 267
480 274
471 268
470 272
467 276
469 276
460 275
467 287
464 294
470 292
485 296
489 296
495 292
496 297
498 285
450 273
447 265
455 259
448 268
418 271
394 280
386 279
378 281
373 266
364 292
359 300
355 295
389 294
387 290
395 300
399 297
413 298
421 294
425 300
441 308
341 291
324 294
767 388
760 371
767 288
763 276
561 294
761 292
