97
19 316
12 246
57 234
103 171
127 164
67 279
131 295
138 381
188 369
277 172
493 177
431 147
447 137
499 148
413 129
98 133
11 38
13 29
48 43
20 83
55 119
65 80
85 44
114 73
171 121
248 78
278 123
296 112
310 107
339 104
407 86
428 79
279 69
173 46
198 60
220 55
187 40
253 61
271 52
301 52
141 24
152 17
158 9
143 20
193 33
199 21
184 30
212 29
199 37
359 40
382 49
388 35
409 40
419 40
430 46
484 48
504 44
397 16
389 18
372 20
474 20
357 23
333 21
292 27
307 24
237 23
424 12
403 8
382 9
330 10
349 8
361 13
369 10
365 9
357 9
319 14
252 14
243 12
273 12
281 13
442 14
427 5
478 9
485 11
494 7
501 5
485 5
248 3
238 9
319 6
333 2
262 1
281 2
373 10
362 4
220 2
445 3
