80
367 380
364 367
381 356
302 380
320 353
413 351
268 360
367 292
363 293
346 291
346 299
348 307
368 312
377 313
356 324
347 325
337 325
341 326
326 316
315 317
306 322
303 311
307 333
300 324
320 336
328 336
334 327
415 324
419 327
429 309
434 325
432 333
452 315
473 334
421 342
434 276
502 272
481 342
254 360
142 371
151 359
169 357
188 349
195 348
214 355
124 303
111 297
135 301
92 284
86 292
76 289
66 281
43 290
30 293
31 312
33 325
18 313
20 305
12 309
9 291
24 270
26 258
30 251
35 245
26 249
16 253
371 301
496 279
343 301
500 286
484 289
489 284
487 294
401 276
406 276
393 271
412 271
428 272
420 270
434 266
