132
20 237
73 240
91 206
121 215
109 191
133 176
86 152
79 151
63 136
48 130
251 353
207 281
187 278
179 252
148 244
155 173
179 228
222 208
231 248
264 226
301 267
323 228
382 246
433 244
480 262
461 295
445 369
486 366
602 285
631 277
663 206
723 173
677 190
689 177
711 137
524 178
573 132
604 139
601 125
586 108
576 110
548 124
518 134
490 137
527 117
477 122
463 133
427 141
401 151
406 123
266 122
215 146
190 175
139 125
150 117
155 116
301 105
315 102
329 100
355 114
357 98
702 103
668 101
601 100
535 109
563 104
46 107
63 119
5 91
1 81
24 87
13 103
7 97
4 104
1 104
37 85
54 85
58 86
63 94
73 95
84 89
76 81
85 67
106 78
170 86
156 88
182 81
207 87
219 88
204 97
245 99
249 87
258 69
283 101
335 72
340 92
352 68
180 111
593 46
578 51
557 54
532 55
546 84
566 85
603 64
604 54
611 75
634 70
617 60
635 56
642 51
668 55
683 48
677 47
483 58
516 81
438 82
416 95
388 65
364 72
372 77
371 60
433 150
712 44
737 45
735 34
738 121
713 36
610 64
661 56
749 222
719 559
