164
387 305
6 288
20 98
20 115
25 157
58 152
67 137
74 149
98 181
103 135
119 194
129 198
128 228
122 173
132 161
127 149
130 135
138 148
163 154
184 167
205 180
198 148
189 142
232 147
229 136
142 135
135 114
119 109
33 96
23 67
38 75
52 73
43 76
48 73
76 74
46 99
50 104
67 105
74 103
125 98
143 88
153 94
160 93
160 101
155 108
161 111
158 117
236 115
224 110
230 103
224 94
215 81
223 75
232 77
228 89
233 86
236 92
244 101
243 92
240 89
241 86
250 88
343 151
323 156
326 176
407 199
465 205
473 220
469 265
393 162
386 170
473 175
485 190
494 185
511 209
505 161
477 152
444 156
428 158
356 122
355 109
362 114
363 107
368 112
374 118
379 116
389 118
385 140
398 141
389 144
406 139
411 146
419 145
427 147
437 142
451 122
461 130
489 137
507 139
498 122
491 121
487 117
481 113
469 115
473 115
475 107
483 105
490 110
497 106
497 111
505 103
506 117
499 117
490 99
466 106
462 110
460 118
440 118
443 127
426 120
414 118
408 120
399 116
434 120
432 105
440 101
451 106
445 104
455 96
444 97
431 98
431 93
427 96
419 102
422 111
417 111
412 108
409 104
423 105
401 103
395 106
389 108
375 110
379 106
380 102
370 104
365 97
358 92
380 84
383 97
373 100
378 97
394 90
387 95
390 96
403 91
404 97
409 92
414 88
410 86
416 94
421 94
310 116
311 136
