117
6 135
5 127
123 210
61 213
48 217
43 208
16 159
34 139
51 149
67 143
75 145
67 183
91 178
130 180
133 168
132 159
105 150
101 144
91 144
55 116
47 112
31 111
26 108
18 108
11 108
102 139
111 143
123 139
130 147
139 154
149 161
150 150
166 150
174 149
184 160
179 162
190 154
179 231
213 219
206 198
205 162
211 163
219 163
233 163
244 161
258 157
269 163
255 180
275 169
283 170
292 162
296 180
281 182
275 203
262 226
253 236
308 172
314 171
323 177
330 172
337 177
351 175
364 176
366 203
395 180
414 191
417 179
430 178
429 192
435 203
441 208
417 230
458 236
450 254
486 212
465 204
460 192
470 183
480 194
486 200
499 199
507 192
514 217
529 192
547 202
546 192
557 203
563 193
544 277
470 274
586 262
592 235
597 248
601 205
593 204
615 206
625 215
639 208
652 216
663 210
683 215
703 231
719 213
756 219
610 259
303 339
350 278
278 248
135 253
103 339
34 306
11 260
25 252
486 332
671 330
654 327
753 348
