78
29 370
32 346
68 376
69 368
68 354
84 377
93 375
85 349
86 341
70 342
75 339
83 341
89 330
94 330
72 317
78 317
101 318
68 317
112 380
103 379
107 377
101 372
125 376
122 375
133 379
129 379
132 377
135 372
148 363
133 365
131 360
123 357
113 350
103 352
103 346
98 350
120 340
126 346
153 353
157 352
176 360
193 365
190 363
202 351
193 350
212 381
213 345
224 340
226 345
222 357
220 358
495 375
488 374
484 372
483 312
475 310
342 334
350 334
328 330
336 355
341 364
329 369
326 364
304 369
285 383
356 383
352 380
368 347
371 378
355 377
509 344
511 373
506 373
494 381
339 328
331 328
331 320
269 323
