92
457 278
452 341
426 322
445 247
496 18
455 55
453 73
475 95
495 96
511 151
446 100
6 341
32 335
35 254
21 197
44 184
42 239
47 305
86 154
177 138
132 223
124 245
151 234
180 299
434 11
419 7
409 2
389 11
413 44
419 65
399 111
389 124
441 139
445 195
420 198
337 29
312 26
323 56
327 67
339 97
385 69
327 115
313 105
296 146
292 116
296 102
310 92
298 86
291 41
259 29
274 51
276 66
269 80
258 94
247 106
237 119
217 151
276 268
198 242
178 121
185 114
132 100
140 91
146 81
155 63
175 51
197 52
201 43
230 38
235 44
243 45
227 49
214 70
201 84
212 96
240 90
178 84
163 78
167 74
185 82
168 95
393 104
78 120
88 124
79 136
100 119
108 110
104 99
121 92
115 107
360 299
447 281
