261
380 370
391 300
366 252
406 261
362 219
344 221
81 288
79 270
44 191
260 187
244 202
343 201
337 186
428 186
409 177
613 250
612 203
597 191
579 192
552 193
557 178
534 150
493 150
527 138
575 148
581 167
610 168
628 187
645 200
635 213
687 218
657 188
640 171
635 169
659 169
670 178
724 189
715 163
701 142
687 133
661 151
658 144
664 132
644 138
633 141
607 139
624 137
569 127
726 138
123 168
113 162
79 154
61 155
70 147
30 136
79 119
73 119
84 113
124 139
125 121
149 119
150 144
164 132
154 115
160 136
187 171
202 156
217 149
209 131
189 113
201 107
211 112
215 120
32 100
38 100
76 95
77 93
96 101
157 113
167 100
164 92
178 96
189 105
192 98
198 98
234 137
237 131
269 158
251 140
257 139
265 133
276 131
298 159
293 152
285 150
293 129
290 125
303 122
293 106
312 104
313 134
319 133
327 131
339 132
331 163
342 169
350 167
350 128
345 125
321 112
316 93
313 94
307 96
304 96
321 90
342 96
343 112
327 95
356 108
327 101
324 104
391 97
399 98
418 98
404 105
399 105
390 105
384 107
391 115
363 113
379 130
365 139
400 136
399 118
399 111
426 110
427 108
437 113
429 119
444 119
446 104
431 94
452 102
450 104
449 112
457 108
459 115
468 120
474 109
472 106
473 102
476 103
467 104
478 111
481 109
489 107
492 107
486 102
492 103
494 99
497 107
501 101
476 93
509 111
503 106
508 106
510 101
511 116
523 106
514 96
522 100
526 93
527 101
529 103
529 107
530 101
539 106
549 111
564 110
550 101
543 96
549 97
556 96
557 93
563 97
570 81
575 80
561 81
564 81
566 101
572 100
569 99
574 98
580 100
585 101
584 98
592 103
598 101
598 98
653 97
658 98
661 98
662 84
661 92
658 91
661 89
617 122
562 103
564 101
552 98
598 131
575 135
627 125
637 122
649 125
613 128
602 132
650 168
687 80
690 82
695 82
662 81
681 81
749 90
752 91
754 92
719 119
686 120
691 120
675 122
671 123
710 118
734 138
749 141
741 161
732 190
765 205
767 233
724 118
635 137
748 94
762 92
764 94
328 94
341 93
344 90
41 88
140 110
141 115
327 111
324 108
339 112
344 97
353 109
349 107
288 103
293 104
329 91
334 93
332 92
641 126
