96
453 550
254 482
102 533
167 401
107 302
60 372
59 197
193 203
223 191
356 198
428 228
422 187
429 162
655 124
682 144
700 99
43 145
3 95
66 67
88 67
107 32
151 33
182 81
245 69
266 67
308 76
346 100
321 125
20 20
60 39
82 7
59 5
105 7
92 2
135 3
187 17
199 17
210 1
231 38
252 35
264 22
269 12
269 47
305 33
305 23
366 16
394 38
394 52
432 27
407 16
416 16
447 33
454 27
467 32
482 34
466 18
486 23
494 27
516 27
508 23
525 35
539 15
553 47
546 26
562 2
567 1
568 32
576 57
585 52
595 57
596 82
680 68
671 67
618 45
595 28
611 27
604 22
626 32
660 27
703 37
730 41
722 42
707 135
764 68
765 31
763 17
731 30
744 2
681 1
765 4
529 4
521 19
578 15
599 11
607 13
84 48
