69
225 301
236 317
239 274
310 305
294 309
324 333
335 291
397 352
492 316
373 140
393 162
385 154
402 142
404 132
416 137
292 281
315 227
364 221
372 211
418 204
432 202
448 216
476 196
458 174
418 155
429 147
431 136
454 135
453 128
472 167
475 134
486 132
479 120
491 117
429 114
390 129
401 126
365 131
355 136
349 129
98 171
87 177
83 172
109 169
32 228
52 231
43 211
50 202
69 211
76 193
13 207
2 239
24 234
465 140
383 143
392 146
450 119
484 126
226 260
349 179
406 215
452 199
431 181
374 149
409 152
405 146
431 141
448 140
478 161
