108
72 181
125 139
97 104
35 90
46 76
37 103
7 103
267 174
293 170
259 111
284 104
271 87
329 72
354 61
218 79
172 88
179 135
550 72
498 107
391 279
510 311
545 294
473 372
389 465
408 560
639 449
701 425
595 281
603 165
661 129
686 141
722 141
748 173
760 325
678 291
652 265
212 28
214 41
186 33
154 44
142 40
119 48
127 29
17 6
3 24
18 63
79 52
79 36
81 72
131 76
2 147
144 118
47 36
16 33
6 40
30 41
99 47
106 51
110 66
141 48
4 60
20 55
34 65
42 66
28 129
62 119
79 86
112 115
117 183
179 42
197 36
192 46
225 41
280 57
137 366
337 299
153 98
32 24
42 31
56 14
64 26
85 27
91 27
87 15
99 57
86 3
1 70
1 231
250 232
270 193
388 99
273 67
262 62
201 109
291 45
289 86
309 163
510 411
765 85
278 487
329 269
483 132
205 65
211 55
240 51
163 57
177 50
157 73
