144
2 50
33 70
56 65
50 91
50 106
32 112
15 101
91 74
98 92
136 59
167 64
160 49
175 6
266 5
248 30
256 8
361 36
360 18
336 21
334 33
318 17
310 55
400 2
426 11
442 15
493 5
486 26
495 38
508 23
510 49
487 80
484 68
466 53
432 64
417 49
421 33
376 74
363 64
337 53
334 82
296 82
307 74
274 74
257 50
274 61
250 80
239 64
209 64
224 76
235 110
190 106
184 89
170 85
157 107
125 101
83 121
41 122
134 134
131 151
124 175
103 178
196 169
372 131
421 190
376 202
182 235
181 211
122 227
44 295
92 309
191 284
68 363
39 363
262 336
427 342
430 238
499 211
508 283
126 64
142 50
156 37
201 3
197 35
213 33
219 32
235 33
228 43
271 14
259 15
256 26
350 4
408 23
350 51
372 6
185 70
268 94
395 76
426 98
460 116
263 105
248 98
266 211
318 194
271 168
331 156
440 73
475 7
474 32
443 7
432 4
16 68
6 73
43 73
50 75
55 81
66 83
118 93
118 57
40 165
344 12
327 14
309 12
418 26
442 36
389 179
323 50
298 160
306 138
153 72
133 82
503 43
505 16
184 45
179 43
246 109
48 170
383 7
380 2
385 50
424 60
330 65
295 39
271 28
259 37
