148
14 420
347 472
421 429
366 340
291 292
242 283
172 197
139 212
178 225
192 384
148 405
652 451
714 378
639 289
500 266
478 228
411 208
377 194
344 195
313 187
279 190
342 155
20 138
2 84
22 87
12 50
52 56
103 88
120 48
127 46
136 45
133 53
138 54
152 54
173 50
162 48
182 46
196 45
245 74
265 72
284 68
241 93
266 91
301 88
319 82
267 110
287 117
278 112
298 114
312 111
320 101
344 111
348 88
366 80
364 108
359 126
370 154
176 25
138 26
127 28
189 21
190 11
197 12
241 11
252 12
275 24
271 31
275 37
321 25
376 42
380 31
384 41
394 40
391 32
400 34
403 77
403 92
397 112
381 134
392 145
419 108
457 128
437 177
467 196
519 188
503 147
497 133
488 99
458 103
552 117
586 117
607 146
649 136
660 136
572 163
580 182
669 209
574 56
724 250
756 187
724 104
686 65
553 31
522 22
490 40
460 18
445 14
433 13
487 16
502 16
575 34
589 38
610 40
615 38
636 26
655 45
675 36
685 32
700 33
708 52
710 35
722 39
765 113
766 52
756 25
655 11
618 17
603 17
404 42
400 26
384 26
307 5
337 5
445 6
480 3
470 2
663 3
695 3
705 3
546 5
532 5
565 1
536 1
639 6
650 3
671 5
676 7
712 2
