166
123 430
53 349
227 341
281 340
170 256
1 256
34 183
69 163
133 138
136 123
122 119
153 125
332 161
437 186
510 134
544 132
505 83
480 120
454 101
432 86
404 93
396 83
368 87
297 109
276 110
265 122
250 119
240 109
210 116
219 92
227 95
210 92
208 68
210 57
218 44
145 42
159 66
77 29
90 21
85 22
92 18
105 22
110 22
115 18
110 16
103 14
120 16
125 14
208 33
209 27
242 68
253 63
261 59
278 57
281 56
334 41
353 64
356 52
379 39
366 30
295 20
116 20
69 34
88 18
88 14
138 17
145 13
131 9
138 9
141 7
149 4
146 6
201 13
203 8
208 7
202 3
199 3
196 3
197 3
212 1
226 11
202 18
203 23
231 24
243 9
231 13
244 6
237 7
253 3
255 6
259 3
252 20
260 26
272 25
275 10
280 19
288 21
289 7
316 6
328 7
348 14
347 10
360 3
369 5
371 4
375 10
384 16
382 13
375 6
382 7
387 8
392 10
397 9
383 30
389 40
415 30
444 47
428 22
424 18
415 22
405 22
403 25
412 8
419 6
428 6
444 13
445 16
455 24
458 19
467 23
471 26
466 12
477 14
483 15
477 1
505 26
491 44
487 24
489 18
488 10
483 1
495 1
525 11
525 4
529 2
533 1
536 2
529 13
552 3
586 7
594 10
470 89
651 22
643 19
676 24
684 28
703 8
652 9
651 1
637 7
626 8
629 1
622 1
618 8
605 3
638 1
