111
115 515
95 493
98 417
7 341
79 277
140 287
118 250
155 228
208 224
190 176
202 208
253 282
274 244
360 324
275 379
377 242
413 241
425 486
303 552
623 463
590 225
557 218
586 161
678 214
268 182
299 165
334 144
345 135
285 110
314 121
334 105
346 101
329 86
6 131
38 119
13 100
73 88
53 89
22 30
47 46
55 38
67 47
98 47
116 38
136 61
136 50
154 67
165 64
160 55
90 81
111 88
33 75
23 66
15 15
7 15
212 81
229 79
239 82
246 80
281 70
222 70
225 58
200 63
195 74
191 57
233 45
340 65
393 76
435 50
462 90
491 79
521 58
532 64
206 17
212 19
271 27
362 28
442 47
277 112
276 96
571 72
655 73
695 66
698 142
723 193
747 175
559 23
573 22
592 23
594 36
612 32
670 38
540 22
660 9
681 7
645 5
412 4
384 3
430 8
504 5
517 3
526 3
536 11
555 13
555 6
550 2
582 17
594 9
589 2
627 2
250 1
