96
41 329
92 191
140 167
166 149
207 108
229 115
253 117
273 94
319 66
358 88
385 200
345 241
528 407
487 531
673 257
701 232
652 204
749 116
610 113
578 86
508 140
491 122
613 68
581 53
571 43
119 86
128 69
59 65
45 58
33 58
22 53
66 43
73 33
46 7
5 8
76 12
108 16
118 17
135 20
154 5
200 35
134 49
205 16
227 27
220 27
212 33
187 37
191 72
256 41
262 11
283 7
298 21
310 14
319 12
334 3
362 2
346 3
355 14
341 25
416 34
425 27
443 14
430 7
530 33
635 12
669 17
724 2
765 24
247 24
254 17
14 8
94 5
79 2
124 8
118 9
123 17
164 3
178 9
91 28
439 140
351 18
358 4
353 7
414 5
409 11
196 4
275 19
270 7
222 18
205 24
678 11
714 5
733 3
646 5
749 7
756 11
