65
122 353
131 301
164 354
124 305
141 212
194 250
200 268
226 273
213 222
196 218
244 167
243 150
248 143
279 149
293 117
268 103
272 103
290 95
299 97
301 91
314 97
330 96
344 92
273 238
268 238
285 232
296 231
286 277
328 306
321 269
329 236
319 232
323 223
336 214
350 212
345 212
361 192
368 205
383 214
387 202
398 232
414 227
354 243
332 231
352 238
405 290
436 285
436 295
382 348
469 257
486 249
487 228
475 214
458 207
473 207
435 200
420 211
414 193
432 189
450 187
483 168
494 172
505 178
507 329
257 154
