81
120 142
106 117
57 88
44 63
17 71
90 53
114 53
127 48
152 45
169 53
191 52
207 45
251 63
274 9
283 33
296 32
303 41
337 25
297 63
283 90
382 9
403 25
395 19
418 4
447 14
512 24
516 44
545 22
536 8
548 36
537 71
518 101
497 115
569 87
593 43
606 6
619 16
666 37
752 44
651 119
625 119
601 143
592 165
574 206
650 220
720 236
655 308
652 382
576 452
243 348
78 540
177 423
519 7
480 7
238 62
351 34
409 22
424 33
425 21
358 19
333 4
317 21
254 32
323 33
231 15
251 13
331 9
197 84
318 5
292 4
303 1
161 57
259 79
361 1
351 1
274 1
323 46
335 64
682 20
656 20
617 9
