90
13 290
61 175
169 192
206 230
288 208
373 265
377 221
479 256
574 327
695 466
712 436
689 275
563 201
566 136
599 138
552 119
457 105
354 123
133 119
149 90
195 83
310 68
391 68
12 114
46 106
81 97
128 104
133 86
143 69
161 68
197 43
217 33
243 23
14 34
44 67
43 58
60 55
79 47
89 42
98 41
115 32
123 30
132 3
141 3
155 18
170 15
172 23
228 3
252 5
304 15
660 58
691 54
738 99
752 45
759 29
734 14
726 6
739 2
678 37
659 34
653 22
690 3
631 16
591 13
607 5
600 5
569 22
542 57
535 51
465 9
490 28
486 14
506 5
526 21
534 16
569 9
556 13
546 5
525 6
403 25
423 13
432 3
417 9
388 12
378 25
359 8
364 11
332 7
241 126
258 1
