82
16 206
40 200
136 231
169 230
247 238
276 235
436 241
455 262
497 285
511 150
494 143
509 113
498 99
488 99
478 91
471 88
506 75
389 82
374 80
397 77
400 72
405 72
459 132
454 119
446 116
436 125
425 123
411 108
401 106
403 119
398 108
390 93
404 102
349 98
354 78
350 79
344 82
350 86
322 87
290 87
271 86
268 85
270 107
163 86
161 103
193 103
214 142
199 137
204 156
228 164
183 160
153 183
146 173
137 156
124 166
128 170
120 159
112 161
116 175
102 168
83 150
63 152
59 143
72 170
66 160
57 158
49 175
29 153
401 158
393 130
370 135
365 128
355 148
342 135
292 130
6 145
1 146
11 159
7 163
35 171
34 163
43 164
